TITLE = "2D_DIC"
VARIABLES = "x [mm]", "y [mm]", "x-displacement [mm]", "y-displacement [mm]", "isValid"
ZONE T="Frame 0", I=41, J=41, F=POINT
STRANDID=1, SOLUTIONTIME=1.2
-4 -4 0.000283549194355914 1.09574401233925e-05
-4 -3.8 0.000291576309918975 4.39102647924083e-06
-4 -3.6 0.000298924994751524 -8.7068822063116e-06
-4 -3.4 0.000305365351271681 -2.16465809100572e-05
-4 -3.2 0.00031063157642558 -3.42355977345062e-05
-4 -3 0.000314421512305488 -4.62499498676983e-05
-4 -2.8 0.000316398318623219 -5.74350326084226e-05
-4 -2.6 0.00031619508478424 -6.75088632263317e-05
-4 -2.4 0.000313423266331413 -7.61683695595272e-05
-4 -2.2 0.000307685792836383 -8.3099362169815e-05
-4 -2 0.000298595490189153 -8.79906437505244e-05
-4 -1.8 0.000285799026854396 -9.05523482326528e-05
-4 -1.6 0.000269005886823889 -9.0538041262297e-05
-4 -1.4 0.000248020895424903 -8.77693696555743e-05
-4 -1.2 0.000222777663209592 -8.21611974348307e-05
-4 -1 0.00019336916040021 -7.37443611490271e-05
-4 -0.8 0.000160070787363974 -6.2682633107133e-05
-4 -0.6 0.000123351118324986 -4.92804371053648e-05
-4 -0.4 8.3866270147861e-05 -3.39785060667409e-05
-4 -0.2 4.24357024563288e-05 0.0655841095182721
-4 0 -1.01710939680888e-19 0.0655926893396828
-4 0.2 4.24357024563288e-05 -1.73360542519631e-05
-4 0.4 8.3866270147861e-05 -3.39785060667409e-05
-4 0.6 0.000123351118324986 -4.92804371053647e-05
-4 0.8 0.000160070787363974 -6.2682633107133e-05
-4 1 0.00019336916040021 -7.37443611490271e-05
-4 1.2 0.000222777663209592 -8.21611974348308e-05
-4 1.4 0.000248020895424903 -8.77693696555742e-05
-4 1.6 0.000269005886823889 -9.05380412622969e-05
-4 1.8 0.000285799026854396 -9.05523482326528e-05
-4 2 0.000298595490189153 -8.79906437505244e-05
-4 2.2 0.000307685792836383 -8.30993621698151e-05
-4 2.4 0.000313423266331413 -7.61683695595272e-05
-4 2.6 0.00031619508478424 -6.75088632263317e-05
-4 2.8 0.000316398318623219 -5.74350326084226e-05
-4 3 0.000314421512305488 -4.62499498676983e-05
-4 3.2 0.00031063157642558 -3.42355977345063e-05
-4 3.4 0.000305365351271681 -2.16465809100572e-05
-4 3.6 0.000298924994751524 -8.7068822063116e-06
-4 3.8 0.000291576309918975 4.39102647924083e-06
-4 4 0.000283549194355914 1.09574401233925e-05
-3.8 -4 0.00028259681685477 2.49864560616688e-05
-3.8 -3.8 0.000291225867139196 1.79370183754792e-05
-3.8 -3.6 0.000299243137562498 3.79659545319429e-06
-3.8 -3.4 0.000306415920443321 -1.03381497078289e-05
-3.8 -3.2 0.000312471960800602 -2.42707273166422e-05
-3.8 -3 0.000317098028085815 -3.77658472199272e-05
-3.8 -2.8 0.00031994059079176 -5.0548622588356e-05
-3.8 -2.6 0.000320609529900711 -6.23062922192356e-05
-3.8 -2.4 0.000318685950695438 -7.2693432790353e-05
-3.8 -2.2 0.000313735172508737 -8.13416638870599e-05
-3.8 -2 0.000305325815779849 -8.78747180977345e-05
-3.8 -1.8 0.00029305547939101 -9.19293790746065e-05
-3.8 -1.6 0.000276582735439262 -9.31821186924528e-05
-3.8 -1.4 0.000255664039381694 -9.13802731725538e-05
-3.8 -1.2 0.000230192733335438 -8.63753573014039e-05
-3.8 -1 0.000200235821349976 -7.81548176321553e-05
-3.8 -0.8 0.000166062982294055 -6.68674894584831e-05
-3.8 -0.6 0.000128161826423894 -5.28376471596704e-05
-3.8 -0.4 8.72341365303205e-05 -3.65631864051891e-05
-3.8 -0.2 4.41699848917746e-05 0.063921684555021
-3.8 0 -1.0306780021695e-19 0.063930926793223
-3.8 0.2 4.41699848917746e-05 -1.86953167361063e-05
-3.8 0.4 8.72341365303205e-05 -3.65631864051891e-05
-3.8 0.6 0.000128161826423894 -5.28376471596704e-05
-3.8 0.8 0.000166062982294055 -6.68674894584831e-05
-3.8 1 0.000200235821349976 -7.81548176321553e-05
-3.8 1.2 0.000230192733335438 -8.63753573014041e-05
-3.8 1.4 0.000255664039381694 -9.13802731725537e-05
-3.8 1.6 0.000276582735439262 -9.31821186924527e-05
-3.8 1.8 0.00029305547939101 -9.19293790746065e-05
-3.8 2 0.000305325815779849 -8.78747180977345e-05
-3.8 2.2 0.000313735172508737 -8.13416638870601e-05
-3.8 2.4 0.000318685950695438 -7.26934327903529e-05
-3.8 2.6 0.000320609529900711 -6.23062922192356e-05
-3.8 2.8 0.00031994059079176 -5.0548622588356e-05
-3.8 3 0.000317098028085815 -3.77658472199272e-05
-3.8 3.2 0.000312471960800602 -2.42707273166423e-05
-3.8 3.4 0.000306415920443321 -1.03381497078289e-05
-3.8 3.6 0.000299243137562498 3.79659545319429e-06
-3.8 3.8 0.000291225867139196 1.79370183754792e-05
-3.8 4 0.00028259681685477 2.49864560616688e-05
-3.6 -4 0.000279970222571173 4.10960845082885e-05
-3.6 -3.8 0.000289807499250434 3.35828731892466e-05
-3.6 -3.6 0.000299180157641175 1.84254207843872e-05
-3.6 -3.4 0.000307852682616283 3.09220799930938e-06
-3.6 -3.2 0.000315542662929582 -1.22219359876719e-05
-3.6 -3 0.000321917117124635 -2.7275674644516e-05
-3.6 -2.8 0.00032659077430975 -4.17780316345782e-05
-3.6 -2.6 0.000329127481945287 -5.53877671372249e-05
-3.6 -2.4 0.000329046174154453 -6.77165616945717e-05
-3.6 -2.2 0.000325833007421751 -7.83374795310548e-05
-3.6 -2 0.000318961247412834 -8.6800179777088e-05
-3.6 -1.8 0.000307920130636746 -9.26540373167471e-05
-3.6 -1.6 0.000292253078921126 -9.54795942535209e-05
-3.6 -1.4 0.000271604206890418 -9.4927500398053e-05
-3.6 -1.2 0.000245770049098339 -9.07623425522248e-05
-3.6 -1 0.000214751075899813 -8.29067244545466e-05
-3.6 -0.8 0.000178795376192688 -7.14790951921546e-05
-3.6 -0.6 0.000138425619429244 -5.68177831722398e-05
-3.6 -0.4 9.44408909566908e-05 -3.94841535441431e-05
-3.6 -0.2 4.78877718596067e-05 0.0622147555501207
-3.6 0 -1.05896294980937e-19 0.0622247484498813
-3.6 0.2 4.78877718596067e-05 -2.02401925026958e-05
-3.6 0.4 9.44408909566908e-05 -3.94841535441431e-05
-3.6 0.6 0.000138425619429244 -5.68177831722397e-05
-3.6 0.8 0.000178795376192688 -7.14790951921546e-05
-3.6 1 0.000214751075899813 -8.29067244545466e-05
-3.6 1.2 0.000245770049098339 -9.0762342552225e-05
-3.6 1.4 0.000271604206890418 -9.49275003980529e-05
-3.6 1.6 0.000292253078921126 -9.54795942535208e-05
-3.6 1.8 0.000307920130636746 -9.26540373167471e-05
-3.6 2 0.000318961247412834 -8.6800179777088e-05
-3.6 2.2 0.000325833007421751 -7.83374795310549e-05
-3.6 2.4 0.000329046174154453 -6.77165616945717e-05
-3.6 2.6 0.000329127481945287 -5.53877671372249e-05
-3.6 2.8 0.00032659077430975 -4.17780316345782e-05
-3.6 3 0.000321917117124635 -2.7275674644516e-05
-3.6 3.2 0.000315542662929582 -1.22219359876719e-05
-3.6 3.4 0.000307852682616283 3.09220799930937e-06
-3.6 3.6 0.000299180157641175 1.84254207843872e-05
-3.6 3.8 0.000289807499250434 3.35828731892466e-05
-3.6 4 0.000279970222571173 4.10960845082884e-05
-3.4 -4 0.000275802171532957 5.95133243523823e-05
-3.4 -3.8 0.000286842363900375 5.15726069945348e-05
-3.4 -3.6 0.00029759301750119 3.5457662824561e-05
-3.4 -3.4 0.000307822251495697 1.89558254153082e-05
-3.4 -3.2 0.000317244061876338 2.2526957423168e-06
-3.4 -3 0.00032551182236772 -1.44119507709624e-05
-3.4 -2.8 0.000332213327173876 -3.07379651766233e-05
-3.4 -2.6 0.000336868761490501 -4.63608422114416e-05
-3.4 -2.4 0.000338933435495035 -6.08515973646623e-05
-3.4 -2.2 0.000337807529609924 -7.37225399569291e-05
-3.4 -2 0.00033285533425243 -8.44412120732196e-05
-3.4 -1.8 0.00032343631724337 -9.24546480705893e-05
-3.4 -1.6 0.000308949553435192 -9.72254113807952e-05
-3.4 -1.4 0.000288891347065546 -9.82793650868988e-05
-3.4 -1.2 0.000262923139525498 -9.52627369653804e-05
-3.4 -1 0.000230943200686904 -8.80029324488096e-05
-3.4 -0.8 0.000193151806964223 -7.65643269987905e-05
-3.4 -0.6 0.000150096799929749 -6.12879575410347e-05
-3.4 -0.4 0.000102686088913772 -4.28038662115627e-05
-3.4 -0.2 5.21570418140063e-05 0.0604595366029987
-3.4 0 -1.08971492508327e-19 0.0604703853976432
-3.4 0.2 5.21570418140063e-05 -2.20077888578198e-05
-3.4 0.4 0.000102686088913772 -4.28038662115626e-05
-3.4 0.6 0.000150096799929749 -6.12879575410346e-05
-3.4 0.8 0.000193151806964223 -7.65643269987905e-05
-3.4 1 0.000230943200686904 -8.80029324488096e-05
-3.4 1.2 0.000262923139525498 -9.52627369653807e-05
-3.4 1.4 0.000288891347065546 -9.82793650868987e-05
-3.4 1.6 0.000308949553435192 -9.72254113807951e-05
-3.4 1.8 0.00032343631724337 -9.24546480705893e-05
-3.4 2 0.00033285533425243 -8.44412120732196e-05
-3.4 2.2 0.000337807529609924 -7.37225399569292e-05
-3.4 2.4 0.000338933435495035 -6.08515973646623e-05
-3.4 2.6 0.000336868761490501 -4.63608422114416e-05
-3.4 2.8 0.000332213327173876 -3.07379651766232e-05
-3.4 3 0.00032551182236772 -1.44119507709624e-05
-3.4 3.2 0.000317244061876338 2.2526957423168e-06
-3.4 3.4 0.000307822251495697 1.89558254153082e-05
-3.4 3.6 0.00029759301750119 3.5457662824561e-05
-3.4 3.8 0.000286842363900375 5.15726069945348e-05
-3.4 4 0.000275802171532957 5.95133243523821e-05
-3.2 -4 0.000269895022703818 8.04695783946867e-05
-3.2 -3.8 0.000282101282951894 7.21585800549115e-05
-3.2 -3.6 0.000294220588688458 5.51884774636653e-05
-3.2 -3.4 0.000306032775036544 3.7591560978369e-05
-3.2 -3.2 0.000317257048956769 1.95345870948632e-05
-3.2 -3 0.000327542121278559 1.2454152468798e-06
-3.2 -2.8 0.000336457112347303 -1.69769826862362e-05
-3.2 -2.6 0.000343484752581206 -3.4754020759856e-05
-3.2 -2.4 0.000348019083356576 -5.16224521338932e-05
-3.2 -2.2 0.000349370613610284 -6.70354259848575e-05
-3.2 -2 0.0003467825489561 -8.03729203663833e-05
-3.2 -1.8 0.000339462003799399 -9.09651103074834e-05
-3.2 -1.6 0.000326629616447103 -9.81318055341772e-05
-3.2 -1.4 0.000307589208521728 -0.00010123951578207
-3.2 -1.2 0.000281815632746829 -9.9774624621544e-05
-3.2 -1 0.000249053681647158 -9.34265829144541e-05
-3.2 -0.8 0.000209414591246038 -8.21696514387554e-05
-3.2 -0.6 0.000163451018784744 -6.63270692794019e-05
-3.2 -0.4 0.000112189034730661 -4.65997921675904e-05
-3.2 -0.2 5.70992710425562e-05 0.0586516715006838
-3.2 0 -1.12331523704924e-19 0.0586635027252907
-3.2 0.2 5.70992710425562e-05 -2.40451882827228e-05
-3.2 0.4 0.000112189034730661 -4.65997921675903e-05
-3.2 0.6 0.000163451018784744 -6.63270692794018e-05
-3.2 0.8 0.000209414591246038 -8.21696514387554e-05
-3.2 1 0.000249053681647158 -9.34265829144541e-05
-3.2 1.2 0.000281815632746829 -9.97746246215442e-05
-3.2 1.4 0.000307589208521728 -0.00010123951578207
-3.2 1.6 0.000326629616447103 -9.81318055341771e-05
-3.2 1.8 0.000339462003799399 -9.09651103074834e-05
-3.2 2 0.0003467825489561 -8.03729203663833e-05
-3.2 2.2 0.000349370613610284 -6.70354259848576e-05
-3.2 2.4 0.000348019083356576 -5.16224521338932e-05
-3.2 2.6 0.000343484752581206 -3.4754020759856e-05
-3.2 2.8 0.000336457112347303 -1.69769826862362e-05
-3.2 3 0.000327542121278559 1.2454152468798e-06
-3.2 3.2 0.000317257048956769 1.95345870948633e-05
-3.2 3.4 0.000306032775036544 3.75915609783689e-05
-3.2 3.6 0.000294220588688458 5.51884774636653e-05
-3.2 3.8 0.000282101282951894 7.21585800549114e-05
-3.2 4 0.000269895022703818 8.04695783946865e-05
-3 -4 0.00026205055975965 0.000104192818619923
-3 -3.8 0.000275347424712061 9.55938621880103e-05
-3 -3.6 0.000288785108931626 7.7923193818462e-05
-3 -3.4 0.000302164801632116 5.93603423588965e-05
-3 -3.2 0.000315222072127179 4.00415777646539e-05
-3 -3 0.000327613227313062 2.0169485749827e-05
-3 -2.8 0.000338901239779343 2.74248660602259e-08
-3 -2.6 0.000348542744297382 -2.00062578971273e-05
-3 -2.4 0.000355878540652352 -3.94463613652795e-05
-3 -2.2 0.000360131221027593 -5.7694517625116e-05
-3 -2 0.000360414829976549 -7.404283403804e-05
-3 -1.8 0.00035576254350216 -8.76928901725375e-05
-3 -1.6 0.000345178634515497 -9.77957504344434e-05
-3 -1.4 0.000327719612310401 -0.000103517406865302
-3 -1.2 0.00030260540290605 -0.000104130485505484
-3 -1 0.000269354121245642 -9.91266608951962e-05
-3 -0.8 0.000227923804063611 -8.83355506160268e-05
-3 -0.6 0.000178833752157007 -7.20270342400635e-05
-3 -0.4 0.000123231328295246 -5.09687170383816e-05
-3 -0.2 6.28725504311535e-05 0.0567861055181601
-3 0 -1.1602332846966e-19 0.056799072677212
-3 0.2 6.28725504311535e-05 -2.64128726279551e-05
-3 0.4 0.000123231328295246 -5.09687170383815e-05
-3 0.6 0.000178833752157007 -7.20270342400634e-05
-3 0.8 0.000227923804063611 -8.83355506160268e-05
-3 1 0.000269354121245642 -9.91266608951962e-05
-3 1.2 0.00030260540290605 -0.000104130485505484
-3 1.4 0.000327719612310401 -0.000103517406865301
-3 1.6 0.000345178634515497 -9.77957504344433e-05
-3 1.8 0.00035576254350216 -8.76928901725375e-05
-3 2 0.000360414829976549 -7.404283403804e-05
-3 2.2 0.000360131221027593 -5.76945176251161e-05
-3 2.4 0.000355878540652352 -3.94463613652795e-05
-3 2.6 0.000348542744297382 -2.00062578971273e-05
-3 2.8 0.000338901239779343 2.74248660602259e-08
-3 3 0.000327613227313062 2.0169485749827e-05
-3 3.2 0.000315222072127179 4.0041577764654e-05
-3 3.4 0.000302164801632116 5.93603423588965e-05
-3 3.6 0.000288785108931626 7.7923193818462e-05
-3 3.8 0.000275347424712061 9.55938621880103e-05
-3 4 0.00026205055975965 0.000104192818619923
-2.8 -4 0.000252078410893846 0.000130896907375451
-2.8 -3.8 0.000266344811561439 0.000122121463469344
-2.8 -3.6 0.000281000210402025 0.000103966708601191
-2.8 -3.4 0.000295878022549212 8.46355583895187e-05
-2.8 -3.2 0.000310743522886207 6.42204524873322e-05
-2.8 -3 0.000325276302922352 4.28823869585155e-05
-2.8 -2.8 0.000339050621248778 2.08701629419558e-05
-2.8 -2.6 0.00035151486239012 -1.45866546734301e-06
-2.8 -2.4 0.0003619724825689 -2.36171242830368e-05
-2.8 -2.2 0.000369568475259865 -4.49719390132014e-05
-2.8 -2 0.000373287502514645 -6.47358982187657e-05
-2.8 -1.8 0.000371972134223667 -8.19770281857233e-05
-2.8 -1.6 0.000364371414022999 -9.56537451666623e-05
-2.8 -1.4 0.000349229932878965 -0.000104685057593893
-2.8 -1.2 0.000325423881308016 -0.000108061484122097
-2.8 -1 0.000292141260361398 -0.000104994111120233
-2.8 -0.8 0.000249087876289218 -9.5085852788985e-05
-2.8 -0.6 0.000196681373663799 -7.84929711295539e-05
-2.8 -0.4 0.000136179432243797 -5.603237519037e-05
-2.8 -0.2 6.96859948382157e-05 0.0548569175993217
-2.8 0 -1.20105462276312e-19 0.0548712086819801
-2.8 0.2 6.96859948382157e-05 -2.91895940599673e-05
-2.8 0.4 0.000136179432243797 -5.603237519037e-05
-2.8 0.6 0.000196681373663799 -7.84929711295539e-05
-2.8 0.8 0.000249087876289218 -9.5085852788985e-05
-2.8 1 0.000292141260361398 -0.000104994111120233
-2.8 1.2 0.000325423881308016 -0.000108061484122097
-2.8 1.4 0.000349229932878965 -0.000104685057593893
-2.8 1.6 0.000364371414022999 -9.56537451666622e-05
-2.8 1.8 0.000371972134223667 -8.19770281857233e-05
-2.8 2 0.000373287502514645 -6.47358982187657e-05
-2.8 2.2 0.000369568475259865 -4.49719390132015e-05
-2.8 2.4 0.0003619724825689 -2.36171242830368e-05
-2.8 2.6 0.00035151486239012 -1.45866546734301e-06
-2.8 2.8 0.000339050621248778 2.08701629419557e-05
-2.8 3 0.000325276302922352 4.28823869585155e-05
-2.8 3.2 0.000310743522886207 6.42204524873323e-05
-2.8 3.4 0.000295878022549212 8.46355583895187e-05
-2.8 3.6 0.000281000210402025 0.000103966708601191
-2.8 3.8 0.000266344811561439 0.000122121463469344
-2.8 4 0.000252078410893846 0.00013089690737545
-2.6 -4 0.000239807031821774 0.000160767716232929
-2.6 -3.8 0.00025487010237344 0.000151959924116675
-2.6 -3.6 0.00027058297745192 0.000133608341843827
-2.6 -3.4 0.000286822759485702 0.000113788026625076
-2.6 -3.2 0.000303399409341636 9.25333074536354e-05
-2.6 -3 0.000320034626180646 6.994486995258e-05
-2.6 -2.8 0.000336336512740886 4.62135935621759e-05
-2.6 -2.6 0.00035177059617617 2.16487327661609e-05
-2.6 -2.4 0.000365629036642235 -3.29093439480711e-06
-2.6 -2.2 0.000377001912130799 -2.7966248722608e-05
-2.6 -2 0.0003847574973946 -5.15331544256722e-05
-2.6 -1.8 0.000387542402188885 -7.29342042296397e-05
-2.6 -1.6 0.000383816681963953 -9.09196016408691e-05
-2.6 -1.4 0.000371941949181777 -0.000104113789990232
-2.6 -1.2 0.000350339074584303 -0.000111142015921001
-2.6 -1 0.000317722117536103 -0.000110822145044245
-2.6 -0.8 0.000273393099882909 -0.000102407750635022
-2.6 -0.6 0.000217548951778568 -8.58407526062161e-05
-2.6 -0.4 0.000151517254214818 -6.19447032056184e-05
-2.6 -0.2 7.78213408632932e-05 0.0528570968649094
-2.6 0 -1.24652081431943e-19 0.0528729443873809
-2.6 0.2 7.78213408632932e-05 -3.24794217573762e-05
-2.6 0.4 0.000151517254214818 -6.19447032056183e-05
-2.6 0.6 0.000217548951778568 -8.58407526062161e-05
-2.6 0.8 0.000273393099882909 -0.000102407750635022
-2.6 1 0.000317722117536103 -0.000110822145044245
-2.6 1.2 0.000350339074584303 -0.000111142015921001
-2.6 1.4 0.000371941949181777 -0.000104113789990232
-2.6 1.6 0.000383816681963953 -9.0919601640869e-05
-2.6 1.8 0.000387542402188885 -7.29342042296397e-05
-2.6 2 0.0003847574973946 -5.15331544256722e-05
-2.6 2.2 0.000377001912130799 -2.7966248722608e-05
-2.6 2.4 0.000365629036642235 -3.29093439480711e-06
-2.6 2.6 0.00035177059617617 2.16487327661609e-05
-2.6 2.8 0.000336336512740886 4.62135935621759e-05
-2.6 3 0.000320034626180646 6.994486995258e-05
-2.6 3.2 0.000303399409341636 9.25333074536356e-05
-2.6 3.4 0.000286822759485702 0.000113788026625076
-2.6 3.6 0.00027058297745192 0.000133608341843827
-2.6 3.8 0.00025487010237344 0.000151959924116675
-2.6 4 0.000239807031821774 0.000160767716232928
-2.4 -4 0.000225097337765533 0.00019394588480319
-2.4 -3.8 0.000240727990589198 0.000185284939212257
-2.4 -3.6 0.000257270747616952 0.000167101423842615
-2.4 -3.4 0.000274657420183662 0.000147164247270396
-2.4 -3.2 0.00029275818333309 0.000125435754359019
-2.4 -3 0.000311357821213131 0.000101936502624129
-2.4 -2.8 0.000330125392285291 7.67726416433165e-05
-2.4 -2.6 0.000348576811267273 5.01708417001908e-05
-2.4 -2.4 0.000366030953663698 2.25206554016354e-05
-2.4 -2.2 0.000381562073135151 -5.57777076512998e-06
-2.4 -2 0.000393955099507145 -3.32661904608381e-05
-2.4 -1.8 0.00040167619288814 -5.93918695584266e-05
-2.4 -1.6 0.000402878673897283 -8.25002894664316e-05
-2.4 -1.4 0.000395472650639502 -0.000100882141536797
-2.4 -1.2 0.000377291252790055 -0.000112703324200264
-2.4 -1 0.000346379865221959 -0.000116239826848104
-2.4 -0.8 0.000301407536204631 -0.000110214651300829
-2.4 -0.6 0.000242146255681258 -9.41885146113464e-05
-2.4 -0.4 0.000169893979148122 -6.89008564280507e-05
-2.4 -0.2 8.76661907637964e-05 0.0507782391217901
-2.4 0 -1.29758741954063e-19 0.0507959336090674
-2.4 0.2 8.76661907637964e-05 -3.64221161135045e-05
-2.4 0.4 0.000169893979148122 -6.89008564280506e-05
-2.4 0.6 0.000242146255681258 -9.41885146113463e-05
-2.4 0.8 0.000301407536204631 -0.000110214651300829
-2.4 1 0.000346379865221959 -0.000116239826848104
-2.4 1.2 0.000377291252790055 -0.000112703324200265
-2.4 1.4 0.000395472650639502 -0.000100882141536797
-2.4 1.6 0.000402878673897283 -8.25002894664315e-05
-2.4 1.8 0.00040167619288814 -5.93918695584266e-05
-2.4 2 0.000393955099507145 -3.32661904608381e-05
-2.4 2.2 0.000381562073135151 -5.57777076512999e-06
-2.4 2.4 0.000366030953663698 2.25206554016353e-05
-2.4 2.6 0.000348576811267273 5.01708417001908e-05
-2.4 2.8 0.000330125392285291 7.67726416433164e-05
-2.4 3 0.000311357821213131 0.000101936502624129
-2.4 3.2 0.00029275818333309 0.000125435754359019
-2.4 3.4 0.000274657420183662 0.000147164247270396
-2.4 3.6 0.000257270747616952 0.000167101423842615
-2.4 3.8 0.000240727990589198 0.000185284939212256
-2.4 4 0.000225097337765533 0.000193945884803189
-2.2 -4 0.000207858781533184 0.00023050640732046
-2.2 -3.8 0.00022377025096591 0.000222207043878489
-2.2 -3.6 0.000240843084658799 0.000204637211763417
-2.2 -3.4 0.000259072957612547 0.000185056880159659
-2.2 -3.2 0.000278404617207049 0.00016334495364192
-2.2 -3 0.000298707169779023 0.00013942324293074
-2.2 -2.8 0.000319740506499891 0.000113285228153807
-2.2 -2.6 0.000341110890347884 8.50357211164555e-05
-2.2 -2.4 0.000362214299896476 5.49433170625614e-05
-2.2 -2.2 0.000382167891713814 2.35060173617246e-05
-2.2 -2 0.000399733836740917 -8.473132604737e-06
-2.2 -1.8 0.000413247039166098 -3.98102629334559e-05
-2.2 -1.6 0.000420569991361577 -6.888547207908e-05
-2.2 -1.4 0.000419114107811425 -9.36434114490828e-05
-2.2 -1.2 0.000405983466505455 -0.000111698921794215
-2.2 -1 0.000378302999475257 -0.000120600151230957
-2.2 -0.8 0.000333768925809059 -0.000118276996270998
-2.2 -0.6 0.000271382331442895 -0.00010363480608492
-2.2 -0.4 0.000192195433066102 -7.71474781506314e-05
-2.2 -0.2 9.97667510483263e-05 0.0486101254696922
-2.2 0 -1.35551078585636e-19 0.0486300335194931
-2.2 0.2 9.97667510483263e-05 -4.12086709319193e-05
-2.2 0.4 0.000192195433066102 -7.71474781506314e-05
-2.2 0.6 0.000271382331442895 -0.00010363480608492
-2.2 0.8 0.000333768925809059 -0.000118276996270998
-2.2 1 0.000378302999475257 -0.000120600151230957
-2.2 1.2 0.000405983466505455 -0.000111698921794215
-2.2 1.4 0.000419114107811425 -9.36434114490827e-05
-2.2 1.6 0.000420569991361577 -6.88854720790799e-05
-2.2 1.8 0.000413247039166098 -3.98102629334559e-05
-2.2 2 0.000399733836740917 -8.473132604737e-06
-2.2 2.2 0.000382167891713814 2.35060173617246e-05
-2.2 2.4 0.000362214299896476 5.49433170625614e-05
-2.2 2.6 0.000341110890347884 8.50357211164555e-05
-2.2 2.8 0.000319740506499891 0.000113285228153807
-2.2 3 0.000298707169779023 0.00013942324293074
-2.2 3.2 0.000278404617207049 0.000163344953641921
-2.2 3.4 0.000259072957612547 0.000185056880159659
-2.2 3.6 0.000240843084658799 0.000204637211763417
-2.2 3.8 0.00022377025096591 0.000222207043878489
-2.2 4 0.000207858781533184 0.00023050640732046
-2 -4 0.000188067260664414 0.000270435749943453
-2 -3.8 0.000203917970578636 0.000262745943934045
-2 -3.6 0.00022114879929668 0.000246313358511025
-2 -3.4 0.000239824829148077 0.000227666993660656
-2 -3.2 0.00025997623648589 0.000206595919668412
-2 -3 0.000281575008647408 0.00018290918636562
-2 -2.8 0.000304501115102293 0.000156462585790336
-2 -2.6 0.000328494462784025 0.000127199053972123
-2 -2.4 0.000353088554854485 9.52072128145567e-05
-2 -2.2 0.00037752231436383 6.08023111135456e-05
-2 -2 0.000400629296198787 2.46314618897719e-05
-2 -1.8 0.00042071065831035 -1.22015195511607e-05
-2 -1.6 0.000435412912427786 -4.8010097331986e-05
-2 -1.4 0.000441656770433462 -8.04396281585175e-05
-2 -1.2 0.000435699166114335 -0.000106496097480091
-2 -1 0.000413445751772694 -0.000122790301990233
-2 -0.8 0.000371133373187523 -0.000126092495951602
-2 -0.6 0.000306414677731934 -0.000114207454306669
-2 -0.4 0.000219652029751244 -8.69916690997826e-05
-2 -0.2 0.000114914438807757 0.0463401220471943
-2 0 -1.42198228911221e-19 0.0463627101369309
-2 0.2 0.000114914438807757 -4.71049727776244e-05
-2 0.4 0.000219652029751244 -8.69916690997825e-05
-2 0.6 0.000306414677731934 -0.000114207454306669
-2 0.8 0.000371133373187523 -0.000126092495951602
-2 1 0.000413445751772694 -0.000122790301990233
-2 1.2 0.000435699166114335 -0.000106496097480091
-2 1.4 0.000441656770433462 -8.04396281585174e-05
-2 1.6 0.000435412912427786 -4.8010097331986e-05
-2 1.8 0.00042071065831035 -1.22015195511607e-05
-2 2 0.000400629296198787 2.46314618897719e-05
-2 2.2 0.00037752231436383 6.08023111135456e-05
-2 2.4 0.000353088554854485 9.52072128145567e-05
-2 2.6 0.000328494462784025 0.000127199053972123
-2 2.8 0.000304501115102293 0.000156462585790336
-2 3 0.000281575008647408 0.00018290918636562
-2 3.2 0.00025997623648589 0.000206595919668413
-2 3.4 0.000239824829148077 0.000227666993660656
-2 3.6 0.00022114879929668 0.000246313358511025
-2 3.8 0.000203917970578636 0.000262745943934045
-2 4 0.000188067260664414 0.000270435749943453
-1.8 -4 0.00016578370748259 0.000313607884323882
-1.8 -3.8 0.000181185800606392 0.000306802861385126
-1.8 -3.6 0.000198137016015364 0.000292098141247136
-1.8 -3.4 0.000216771930046429 0.000275058781432355
-1.8 -3.2 0.000237210761976512 0.000255385721004083
-1.8 -3 0.000259540385635617 0.00023277021362139
-1.8 -2.8 0.00028378430630016 0.000206914198051819
-1.8 -2.6 0.000309856406553051 0.000177565388935729
-1.8 -2.4 0.000337491511413464 0.000144574278436646
-1.8 -2.2 0.000366144268941847 0.000107982146923203
-1.8 -2 0.000394847711296674 6.81497887600274e-05
-1.8 -1.8 0.000422026892502835 2.59331986090035e-05
-1.8 -1.6 0.000445276469856686 -1.71002932574238e-05
-1.8 -1.4 0.000461142457770872 -5.84518802400918e-05
-1.8 -1.2 0.00046500712741502 -9.45580287349854e-05
-1.8 -1 0.000451262218813254 -0.000120909261088456
-1.8 -0.8 0.000414033852066806 -0.000132640177343532
-1.8 -0.6 0.000348685577610697 -0.000125747786320322
-1.8 -0.4 0.000254003213387021 -9.88001468408566e-05
-1.8 -0.2 0.000134293879295995 0.0439522992995807
-1.8 0 -1.49934421764043e-19 0.0439781635619826
-1.8 0.2 0.000134293879295995 -5.44882171442608e-05
-1.8 0.4 0.000254003213387021 -9.88001468408565e-05
-1.8 0.6 0.000348685577610697 -0.000125747786320321
-1.8 0.8 0.000414033852066806 -0.000132640177343532
-1.8 1 0.000451262218813254 -0.000120909261088456
-1.8 1.2 0.00046500712741502 -9.45580287349856e-05
-1.8 1.4 0.000461142457770872 -5.84518802400918e-05
-1.8 1.6 0.000445276469856686 -1.71002932574238e-05
-1.8 1.8 0.000422026892502835 2.59331986090035e-05
-1.8 2 0.000394847711296674 6.81497887600274e-05
-1.8 2.2 0.000366144268941847 0.000107982146923203
-1.8 2.4 0.000337491511413464 0.000144574278436646
-1.8 2.6 0.000309856406553051 0.000177565388935729
-1.8 2.8 0.00028378430630016 0.000206914198051819
-1.8 3 0.000259540385635617 0.00023277021362139
-1.8 3.2 0.000237210761976512 0.000255385721004083
-1.8 3.4 0.000216771930046429 0.000275058781432355
-1.8 3.6 0.000198137016015364 0.000292098141247136
-1.8 3.8 0.000181185800606392 0.000306802861385126
-1.8 4 0.00016578370748259 0.000313607884323881
-1.6 -4 0.000141171619383875 0.000359761423718079
-1.6 -3.8 0.000155706201789826 0.000354133235803123
-1.6 -3.6 0.000171890084172672 0.000341793007307073
-1.6 -3.4 0.00018992039097481 0.000327109222823141
-1.6 -3.2 0.000210003067880464 0.000309707377224889
-1.6 -3 0.00023234101664066 0.000289169629934902
-1.6 -2.8 0.00025711241514277 0.000265044113444054
-1.6 -2.6 0.000284433201358315 0.000236867287608876
-1.6 -2.4 0.00031429457913967 0.000204208337646064
-1.6 -2.2 0.000346462241584958 0.000166749162345073
-1.6 -2 0.000380319313576709 0.000124418812311611
-1.6 -1.8 0.000414631949540106 7.7605068960798e-05
-1.6 -1.6 0.000447221092224728 2.74618892496446e-05
-1.6 -1.4 0.000474549661245694 -2.36941621863253e-05
-1.6 -1.2 0.000491306259983443 -7.19760080464052e-05
-1.6 -1 0.000490216034320623 -0.000111723250643418
-1.6 -0.8 0.000462538477465206 -0.000135909194483349
-1.6 -0.6 0.000399889067307893 -0.00013764971845545
-1.6 -0.4 0.000297745419950047 -0.000112962890785591
-1.6 -0.2 0.000159747737696652 0.0414260943255956
-1.6 0 -1.59095363645389e-19 0.0414559921303697
-1.6 0.2 0.000159747737696652 -6.3902836153314e-05
-1.6 0.4 0.000297745419950047 -0.000112962890785591
-1.6 0.6 0.000399889067307893 -0.00013764971845545
-1.6 0.8 0.000462538477465206 -0.000135909194483349
-1.6 1 0.000490216034320623 -0.000111723250643418
-1.6 1.2 0.000491306259983443 -7.19760080464054e-05
-1.6 1.4 0.000474549661245694 -2.36941621863253e-05
-1.6 1.6 0.000447221092224728 2.74618892496446e-05
-1.6 1.8 0.000414631949540106 7.7605068960798e-05
-1.6 2 0.000380319313576709 0.000124418812311611
-1.6 2.2 0.000346462241584958 0.000166749162345073
-1.6 2.4 0.00031429457913967 0.000204208337646064
-1.6 2.6 0.000284433201358315 0.000236867287608876
-1.6 2.8 0.00025711241514277 0.000265044113444054
-1.6 3 0.00023234101664066 0.000289169629934902
-1.6 3.2 0.000210003067880464 0.000309707377224889
-1.6 3.4 0.00018992039097481 0.000327109222823141
-1.6 3.6 0.000171890084172672 0.000341793007307073
-1.6 3.8 0.000155706201789826 0.000354133235803123
-1.6 4 0.000141171619383875 0.000359761423718078
-1.4 -4 0.000114511218874549 0.000408480850466947
-1.4 -3.8 0.000127750739738268 0.000404323161253401
-1.4 -3.6 0.000142654715974797 0.000394997600239729
-1.4 -3.4 0.000159468038534035 0.00038345752996924
-1.4 -3.2 0.000178467231406793 0.000369278559413377
-1.4 -3 0.000199957755397854 0.000351960174826287
-1.4 -2.8 0.000224264589272538 0.000330920337878575
-1.4 -2.6 0.000251710458765145 0.000305498056537676
-1.4 -2.4 0.000282572123923728 0.000274972661139655
-1.4 -2.2 0.0003169987727235 0.000238615157835797
-1.4 -2 0.00035486690619717 0.000195797411465184
-1.4 -1.8 0.00039553296706115 0.000146199292214335
-1.4 -1.6 0.000437431444534263 9.01688038785816e-05
-1.4 -1.4 0.000477465193720223 2.92909943683925e-05
-1.4 -1.2 0.000510182900582479 -3.28313952827917e-05
-1.4 -1 0.000526916405836702 -8.976647557099e-05
-1.4 -0.8 0.000515477531735854 -0.000131990026645199
-1.4 -0.6 0.000461701467771731 -0.000148265562071318
-1.4 -0.4 0.00035448458230403 -0.000129744960118948
-1.4 -0.2 0.000194276585814262 0.0387341955173109
-1.4 0 -1.70183214406276e-19 0.0387690582695722
-1.4 0.2 0.000194276585814262 -7.61430720610733e-05
-1.4 0.4 0.00035448458230403 -0.000129744960118948
-1.4 0.6 0.000461701467771731 -0.000148265562071318
-1.4 0.8 0.000515477531735854 -0.000131990026645199
-1.4 1 0.000526916405836702 -8.976647557099e-05
-1.4 1.2 0.000510182900582479 -3.28313952827917e-05
-1.4 1.4 0.000477465193720223 2.92909943683924e-05
-1.4 1.6 0.000437431444534263 9.01688038785815e-05
-1.4 1.8 0.00039553296706115 0.000146199292214335
-1.4 2 0.00035486690619717 0.000195797411465184
-1.4 2.2 0.0003169987727235 0.000238615157835798
-1.4 2.4 0.000282572123923728 0.000274972661139655
-1.4 2.6 0.000251710458765145 0.000305498056537676
-1.4 2.8 0.000224264589272538 0.000330920337878575
-1.4 3 0.000199957755397854 0.000351960174826287
-1.4 3.2 0.000178467231406793 0.000369278559413378
-1.4 3.4 0.000159468038534035 0.00038345752996924
-1.4 3.6 0.000142654715974797 0.000394997600239729
-1.4 3.8 0.000127750739738268 0.000404323161253401
-1.4 4 0.000114511218874549 0.000408480850466946
-1.2 -4 8.62075394677447e-05 0.000459185436251669
-1.2 -3.8 9.77447176824885e-05 0.000456773820335016
-1.2 -3.6 0.000110866360735701 0.000451083006652891
-1.2 -3.4 0.000125843010822939 0.000443461874218394
-1.2 -3.2 0.00014299557316807 0.00043347441150437
-1.2 -3 0.000162702245261806 0.000420583088646533
-1.2 -2.8 0.000185403252962091 0.0004041277770009
-1.2 -2.6 0.000211599576851211 0.000383304628390072
-1.2 -2.4 0.000241838136135455 0.000357150484171119
-1.2 -2.2 0.000276668986234878 0.000324545096952643
-1.2 -2 0.000316547532328681 0.000284256348056264
-1.2 -1.8 0.000361632836594025 0.000235077074161824
-1.2 -1.6 0.000411397572494212 0.000176140829449075
-1.2 -1.4 0.000463916509285812 0.000107556134640013
-1.2 -1.2 0.000514662958907964 3.15320628521114e-05
-1.2 -1 0.000554719142149307 -4.5940473244037e-05
-1.2 -0.8 0.000568787271404565 -0.000113330840093404
-1.2 -0.6 0.000534800797568808 -0.000153528416189531
-1.2 -0.4 0.000429328385645752 -0.000148795307199811
-1.2 -0.2 0.000243041571956189 0.0358390358823382
-1.2 0 -1.83991418934597e-19 0.0358798828944408
-1.2 0.2 0.000243041571956189 -9.23556626806001e-05
-1.2 0.4 0.000429328385645752 -0.000148795307199811
-1.2 0.6 0.000534800797568808 -0.00015352841618953
-1.2 0.8 0.000568787271404565 -0.000113330840093404
-1.2 1 0.000554719142149307 -4.5940473244037e-05
-1.2 1.2 0.000514662958907964 3.15320628521115e-05
-1.2 1.4 0.000463916509285812 0.000107556134640012
-1.2 1.6 0.000411397572494212 0.000176140829449075
-1.2 1.8 0.000361632836594025 0.000235077074161824
-1.2 2 0.000316547532328681 0.000284256348056264
-1.2 2.2 0.000276668986234878 0.000324545096952643
-1.2 2.4 0.000241838136135455 0.000357150484171119
-1.2 2.6 0.000211599576851211 0.000383304628390072
-1.2 2.8 0.000185403252962091 0.0004041277770009
-1.2 3 0.000162702245261806 0.000420583088646533
-1.2 3.2 0.00014299557316807 0.00043347441150437
-1.2 3.4 0.000125843010822939 0.000443461874218394
-1.2 3.6 0.000110866360735701 0.000451083006652891
-1.2 3.8 9.77447176824885e-05 0.000456773820335016
-1.2 4 8.62075394677447e-05 0.000459185436251668
-1 -4 5.67896923571746e-05 0.000511129628257149
-1 -3.8 6.62710926959941e-05 0.000510698583992428
-1 -3.6 7.7160913327882e-05 0.000509180042185858
-1 -3.4 8.9728090333807e-05 0.000506173158098675
-1 -3.2 0.000104302927915031 0.000501278106437961
-1 -3 0.00012129197349908 0.000493982453310658
-1 -2.8 0.000141195564822569 0.000483627531993864
-1 -2.6 0.000164627081561607 0.000469365828473212
-1 -2.4 0.000192330715218669 0.000450109273661382
-1 -2.2 0.000225189581420317 0.000424472119252775
-1 -2 0.000264205137722472 0.000390721813405129
-1 -1.8 0.000310405805992657 0.00034677431375483
-1 -1.6 0.000364595131104771 0.000290321201090251
-1 -1.4 0.000426756487745255 0.000219279639644642
-1 -1.2 0.000494766724012892 0.000132937040124403
-1 -1 0.000561854000823086 3.43659492847963e-05
-1 -0.8 0.000612245904193808 -6.55071837624211e-05
-1 -0.6 0.00061588335531087 -0.000143705261748251
-1 -0.4 0.000528776415226163 -0.000167582720603533
-1 -0.2 0.000315510088663261 0.0326866576751811
-1 0 -2.01868733227692e-19 0.0327341062949047
-1 0.2 0.000315510088663261 -0.000114065111080963
-1 0.4 0.000528776415226163 -0.000167582720603532
-1 0.6 0.00061588335531087 -0.000143705261748251
-1 0.8 0.000612245904193808 -6.55071837624211e-05
-1 1 0.000561854000823086 3.43659492847963e-05
-1 1.2 0.000494766724012892 0.000132937040124404
-1 1.4 0.000426756487745255 0.000219279639644642
-1 1.6 0.000364595131104771 0.000290321201090251
-1 1.8 0.000310405805992657 0.00034677431375483
-1 2 0.000264205137722472 0.000390721813405129
-1 2.2 0.000225189581420317 0.000424472119252775
-1 2.4 0.000192330715218669 0.000450109273661382
-1 2.6 0.000164627081561607 0.000469365828473212
-1 2.8 0.000141195564822569 0.000483627531993864
-1 3 0.00012129197349908 0.000493982453310658
-1 3.2 0.000104302927915031 0.000501278106437962
-1 3.4 8.9728090333807e-05 0.000506173158098675
-1 3.6 7.7160913327882e-05 0.000509180042185858
-1 3.8 6.62710926959941e-05 0.000510698583992428
-1 4 5.67896923571746e-05 0.000511129628257147
-0.8 -4 2.6899047307061e-05 0.000563418148897713
-0.8 -3.8 3.40600079871755e-05 0.000565137024125658
-0.8 -3.6 4.2367924781043e-05 0.000568189365064299
-0.8 -3.4 5.20616247570882e-05 0.000570336501192785
-0.8 -3.2 6.34420956049124e-05 0.000571265595300784
-0.8 -3 7.68915663365433e-05 0.0005705596018702
-0.8 -2.8 9.28989642110734e-05 0.000567658640958601
-0.8 -2.6 0.000112093664028206 0.000561805760445811
-0.8 -2.4 0.000135289443084658 0.000551970903769698
-0.8 -2.2 0.000163539426978916 0.000536745514354475
-0.8 -2 0.000198198443159314 0.000514200834926612
-0.8 -1.8 0.000240976144662547 0.00048171116212683
-0.8 -1.6 0.000293928727911352 0.000435774955887075
-0.8 -1.4 0.000359244819233791 0.000371964271549671
-0.8 -1.2 0.000438451201314111 0.000285399928760877
-0.8 -1 0.000530128289984574 0.000172784533968012
-0.8 -0.8 0.000624168752072875 3.81207677601521e-05
-0.8 -0.6 0.00068956348174253 -9.57545709026565e-05
-0.8 -0.4 0.000657263802676955 -0.000176333317494435
-0.8 -0.2 0.000430265846602395 0.0291953391663539
-0.8 0 -2.2635735131344e-19 0.0292474860869212
-0.8 0.2 0.000430265846602395 -0.000142519178129327
-0.8 0.4 0.000657263802676955 -0.000176333317494435
-0.8 0.6 0.00068956348174253 -9.57545709026565e-05
-0.8 0.8 0.000624168752072875 3.81207677601521e-05
-0.8 1 0.000530128289984574 0.000172784533968012
-0.8 1.2 0.000438451201314111 0.000285399928760877
-0.8 1.4 0.000359244819233791 0.000371964271549671
-0.8 1.6 0.000293928727911352 0.000435774955887075
-0.8 1.8 0.000240976144662547 0.00048171116212683
-0.8 2 0.000198198443159314 0.000514200834926612
-0.8 2.2 0.000163539426978916 0.000536745514354476
-0.8 2.4 0.000135289443084658 0.000551970903769698
-0.8 2.6 0.000112093664028206 0.000561805760445811
-0.8 2.8 9.28989642110734e-05 0.000567658640958601
-0.8 3 7.68915663365433e-05 0.000570559601870199
-0.8 3.2 6.34420956049124e-05 0.000571265595300785
-0.8 3.4 5.20616247570882e-05 0.000570336501192784
-0.8 3.6 4.2367924781043e-05 0.000568189365064299
-0.8 3.8 3.40600079871755e-05 0.000565137024125657
-0.8 4 2.6899047307061e-05 0.000563418148897712
-0.6 -4 -2.73484746582649e-06 0.000615037664132793
-0.6 -3.8 1.96160891815217e-06 0.000618988563080342
-0.6 -3.6 7.4809988534122e-06 0.000626818500445904
-0.6 -3.4 1.40073662852134e-05 0.000634429531734507
-0.6 -3.2 2.17772103584106e-05 0.000641640353247184
-0.6 -3 3.1097877769171e-05 0.000648194441342581
-0.6 -2.8 4.23736055708351e-05 0.000653726810588435
-0.6 -2.6 5.61428334165205e-05 0.000657714067852504
-0.6 -2.4 7.3132221009024e-05 0.00065939827682784
-0.6 -2.2 9.43354216566163e-05 0.000657669304303861
-0.6 -2 0.000121128035955389 0.000650881000965412
-0.6 -1.8 0.000155433122090711 0.000636562764284893
-0.6 -1.6 0.000199948697173663 0.000610972052491864
-0.6 -1.4 0.000258419353214132 0.000568434456029159
-0.6 -1.2 0.000335807017962333 0.000500525340850871
-0.6 -1 0.000437750040298596 0.000395712632097381
-0.6 -0.8 0.000567118430326187 0.000242278265403484
-0.6 -0.6 0.000710606694302263 4.35688520003837e-05
-0.6 -0.4 0.000797420888848859 -0.000141045804354227
-0.6 -0.2 0.000624559840911195 0.0252334643193969
-0.6 0 -2.63080455125641e-19 0.025276719988227
-0.6 0.2 0.000624559840911195 -0.000173866299554878
-0.6 0.4 0.000797420888848859 -0.000141045804354227
-0.6 0.6 0.000710606694302263 4.35688520003837e-05
-0.6 0.8 0.000567118430326187 0.000242278265403484
-0.6 1 0.000437750040298596 0.000395712632097381
-0.6 1.2 0.000335807017962333 0.000500525340850872
-0.6 1.4 0.000258419353214132 0.000568434456029159
-0.6 1.6 0.000199948697173663 0.000610972052491863
-0.6 1.8 0.000155433122090711 0.000636562764284893
-0.6 2 0.000121128035955389 0.000650881000965412
-0.6 2.2 9.43354216566163e-05 0.000657669304303862
-0.6 2.4 7.3132221009024e-05 0.000659398276827839
-0.6 2.6 5.61428334165205e-05 0.000657714067852504
-0.6 2.8 4.23736055708351e-05 0.000653726810588435
-0.6 3 3.1097877769171e-05 0.000648194441342581
-0.6 3.2 2.17772103584106e-05 0.000641640353247185
-0.6 3.4 1.40073662852134e-05 0.000634429531734507
-0.6 3.6 7.4809988534122e-06 0.000626818500445904
-0.6 3.8 1.96160891815217e-06 0.000618988563080342
-0.6 4 -2.73484746582649e-06 0.000615037664132791
-0.4 -4 -3.13301277164143e-05 0.000664904641400178
-0.4 -3.8 -2.9097895848818e-05 0.000671065823863549
-0.4 -3.6 -2.63958059024071e-05 0.000683647227984982
-0.4 -3.4 -2.31102702592328e-05 0.000696741776885467
-0.4 -3.2 -1.90929789281348e-05 0.000710327971428298
-0.4 -3 -1.41476582851785e-05 0.000724354109104508
-0.4 -2.8 -8.01066232452003e-06 0.000738720252729743
-0.4 -2.6 -3.21956633112918e-07 0.000753249104063374
-0.4 -2.4 9.41919816401464e-06 0.000767638042468881
-0.4 -2.2 2.19235063218997e-05 0.00078137834665255
-0.4 -2 3.82225473786598e-05 0.000793615567316301
-0.4 -1.8 5.98508700759919e-05 0.000802901029610467
-0.4 -1.6 8.91521207460873e-05 0.000806735371105141
-0.4 -1.4 0.000129803005201962 0.000800703226474415
-0.4 -1.2 0.000187710642360293 0.000776793055892409
-0.4 -1 0.00027247170012375 0.000720157622284641
-0.4 -0.8 0.000399192769252695 0.000603639688085019
-0.4 -0.6 0.000587304325226169 0.000385195574424827
-0.4 -0.4 0.000833936518428648 5.44684092380639e-05
-0.4 -0.2 0.000937763106902766 0.0205765135971552
-0.4 0 -3.28768723991823e-19 0.0205434460262657
-0.4 0.2 0.000937763106902766 -0.000168484983719256
-0.4 0.4 0.000833936518428648 5.44684092380638e-05
-0.4 0.6 0.000587304325226169 0.000385195574424826
-0.4 0.8 0.000399192769252695 0.000603639688085019
-0.4 1 0.00027247170012375 0.000720157622284641
-0.4 1.2 0.000187710642360293 0.000776793055892411
-0.4 1.4 0.000129803005201962 0.000800703226474415
-0.4 1.6 8.91521207460873e-05 0.00080673537110514
-0.4 1.8 5.98508700759919e-05 0.000802901029610467
-0.4 2 3.82225473786598e-05 0.000793615567316301
-0.4 2.2 2.19235063218997e-05 0.000781378346652551
-0.4 2.4 9.41919816401464e-06 0.000767638042468881
-0.4 2.6 -3.21956633112918e-07 0.000753249104063374
-0.4 2.8 -8.01066232452003e-06 0.000738720252729742
-0.4 3 -1.41476582851785e-05 0.000724354109104508
-0.4 3.2 -1.90929789281348e-05 0.000710327971428299
-0.4 3.4 -2.31102702592328e-05 0.000696741776885467
-0.4 3.6 -2.63958059024071e-05 0.000683647227984981
-0.4 3.8 -2.9097895848818e-05 0.000671065823863549
-0.4 4 -3.13301277164143e-05 0.000664904641400176
-0.2 -4 -5.80977994191822e-05 0.000711926245509684
-0.2 -3.8 -5.817401700785e-05 0.000720164280805369
-0.2 -3.6 -5.81223375284544e-05 0.000737217586459009
-0.2 -3.4 -5.79024288125517e-05 0.000755491648319971
-0.2 -3.2 -5.74600945087619e-05 0.000775128838514167
-0.2 -3 -5.67215280320194e-05 0.00079629244305499
-0.2 -2.8 -5.55846711232715e-05 0.000819169070310626
-0.2 -2.6 -5.39059132630191e-05 0.000843970087718987
-0.2 -2.4 -5.14790789773209e-05 0.000870930384414606
-0.2 -2.2 -4.80012377904972e-05 0.000900300723205402
-0.2 -2 -4.30151771299167e-05 0.000932325375327926
-0.2 -1.8 -3.58088339854875e-05 0.00096718602984813
-0.2 -1.6 -2.5231609355008e-05 0.00100486653769981
-0.2 -1.4 -9.3416340388247e-06 0.00104482325193405
-0.2 -1.2 1.5311083564612e-05 0.00108514547699626
-0.2 -1 5.52341321733573e-05 0.00112025469024957
-0.2 -0.8 0.000123543637585737 0.00113391944381723
-0.2 -0.6 0.00024827799058705 0.00107541101939866
-0.2 -0.4 0.000488371831728845 0.00078160274099949
-0.2 -0.2 0.000909192751920791 0.0148221667004845
-0.2 0 -6.35132402759607e-19 0.0144306554232097
-0.2 0.2 0.000909192751920791 0.000153237528242851
-0.2 0.4 0.000488371831728845 0.000781602740999489
-0.2 0.6 0.00024827799058705 0.00107541101939865
-0.2 0.8 0.000123543637585737 0.00113391944381723
-0.2 1 5.52341321733573e-05 0.00112025469024957
-0.2 1.2 1.5311083564612e-05 0.00108514547699626
-0.2 1.4 -9.3416340388247e-06 0.00104482325193405
-0.2 1.6 -2.5231609355008e-05 0.00100486653769981
-0.2 1.8 -3.58088339854875e-05 0.00096718602984813
-0.2 2 -4.30151771299167e-05 0.000932325375327926
-0.2 2.2 -4.80012377904972e-05 0.000900300723205403
-0.2 2.4 -5.14790789773209e-05 0.000870930384414605
-0.2 2.6 -5.39059132630191e-05 0.000843970087718987
-0.2 2.8 -5.55846711232715e-05 0.000819169070310626
-0.2 3 -5.67215280320194e-05 0.00079629244305499
-0.2 3.2 -5.74600945087619e-05 0.000775128838514168
-0.2 3.4 -5.79024288125517e-05 0.00075549164831997
-0.2 3.6 -5.81223375284544e-05 0.000737217586459009
-0.2 3.8 -5.817401700785e-05 0.000720164280805369
-0.2 4 -5.80977994191822e-05 0.000711926245509683
0 -4 -8.2291891922141e-05 0.000755068384934187
0 -3.8 -8.43697174228182e-05 0.000765141268900843
0 -3.6 -8.66095008937831e-05 0.000786139078772023
0 -3.4 -8.90327753079992e-05 0.000808968328385138
0 -3.2 -9.16651278484391e-05 0.000833912088976703
0 -3 -9.45371666322711e-05 0.000861318826835462
0 -2.8 -9.76857458827859e-05 0.000891623238437049
0 -2.6 -0.000101155504961241 0.000925375835684927
0 -2.4 -0.000105000755890844 0.000963285994857013
0 -2.2 -0.000109287666237368 0.00100628638674326
0 -2 -0.000114096408729746 0.00105563263284521
0 -1.8 -0.000119522146195683 0.00111306357057174
0 -1.6 -0.000125671386606757 0.00118107137398528
0 -1.4 -0.000132643201892207 0.00126338391177798
0 -1.2 -0.000140462054180086 0.00136589145644085
0 -1 -0.00014884767407489 0.00149860672652486
0 -0.8 -0.000156373135554117 0.00168040212990319
0 -0.6 -0.000156892411776276 0.0019530223099177
0 -0.4 -0.000120178282975326 0.00244067029780892
0 -0.2 0.000156605335291852 0.00471501294822052
0 0 0.00209556131032024 0.00666803525813823
0 0.2 0.000156605335291852 0.00471501294822054
0 0.4 -0.000120178282975326 0.00244067029780892
0 0.6 -0.000156892411776276 0.0019530223099177
0 0.8 -0.000156373135554117 0.00168040212990319
0 1 -0.00014884767407489 0.00149860672652486
0 1.2 -0.000140462054180086 0.00136589145644085
0 1.4 -0.000132643201892207 0.00126338391177798
0 1.6 -0.000125671386606757 0.00118107137398528
0 1.8 -0.000119522146195683 0.00111306357057174
0 2 -0.000114096408729746 0.00105563263284521
0 2.2 -0.000109287666237368 0.00100628638674326
0 2.4 -0.000105000755890844 0.000963285994857013
0 2.6 -0.000101155504961241 0.000925375835684927
0 2.8 -9.76857458827859e-05 0.000891623238437049
0 3 -9.45371666322711e-05 0.000861318826835462
0 3.2 -9.16651278484391e-05 0.000833912088976704
0 3.4 -8.90327753079992e-05 0.000808968328385138
0 3.6 -8.66095008937831e-05 0.000786139078772022
0 3.8 -8.43697174228182e-05 0.000765141268900842
0 4 -8.2291891922141e-05 0.000755068384934185
0.2 -4 -0.000103258889224486 0.000793423043352708
0.2 -3.8 -0.000106900992652526 0.000804994758147631
0.2 -3.6 -0.000110907502625422 0.00082919515310642
0.2 -3.4 -0.000115338095185029 0.000855678063054284
0.2 -3.2 -0.000120266084832749 0.00088482023748022
0.2 -3 -0.000125782427892661 0.00091709019330124
0.2 -2.8 -0.000132001143949286 0.000953078618810108
0.2 -2.6 -0.000139066718528514 0.000993541847134095
0.2 -2.4 -0.000147164263042938 0.00103946546753267
0.2 -2.2 -0.000156533437456571 0.00109215984621475
0.2 -2 -0.000167487222274484 0.00115340780932392
0.2 -1.8 -0.000180435945822376 0.00122570058127956
0.2 -1.6 -0.000195913399736429 0.00131262870933672
0.2 -1.4 -0.000214587977010718 0.00141955564788132
0.2 -1.2 -0.000237190460132046 0.00155482286239188
0.2 -1 -0.000264095455805052 0.00173194855404081
0.2 -0.8 -0.000293501395272154 0.00197334687719661
0.2 -0.6 -0.000313608774367 0.00231230888235538
0.2 -0.4 -0.000266898442619122 0.00273845198782188
0.2 -0.2 0.000118216334922909 0.00278577344646411
0.2 0 0.00296357122583922 0.00260564515039281
0.2 0.2 0.000118216334922909 0.00278577344646412
0.2 0.4 -0.000266898442619122 0.00273845198782187
0.2 0.6 -0.000313608774367 0.00231230888235538
0.2 0.8 -0.000293501395272154 0.00197334687719661
0.2 1 -0.000264095455805052 0.00173194855404081
0.2 1.2 -0.000237190460132046 0.00155482286239188
0.2 1.4 -0.000214587977010718 0.00141955564788131
0.2 1.6 -0.000195913399736429 0.00131262870933672
0.2 1.8 -0.000180435945822376 0.00122570058127956
0.2 2 -0.000167487222274484 0.00115340780932392
0.2 2.2 -0.000156533437456571 0.00109215984621475
0.2 2.4 -0.000147164263042938 0.00103946546753267
0.2 2.6 -0.000139066718528514 0.000993541847134095
0.2 2.8 -0.000132001143949286 0.000953078618810108
0.2 3 -0.000125782427892661 0.00091709019330124
0.2 3.2 -0.000120266084832749 0.000884820237480221
0.2 3.4 -0.000115338095185029 0.000855678063054284
0.2 3.6 -0.000110907502625422 0.000829195153106419
0.2 3.8 -0.000106900992652526 0.000804994758147631
0.2 4 -0.000103258889224486 0.000793423043352706
0.4 -4 -0.000120480397140758 0.000826266448313306
0.4 -3.8 -0.000125153488338326 0.000838931425720825
0.4 -3.6 -0.000130282107579206 0.000865435307009429
0.4 -3.4 -0.000135932710443449 0.000894470959733319
0.4 -3.2 -0.000142183614059533 0.000926447157639545
0.4 -3 -0.000149126909168712 0.000961866363370959
0.4 -2.8 -0.00015687012860804 0.00100135248508233
0.4 -2.6 -0.000165536881791823 0.00104568848640613
0.4 -2.4 -0.000175264657991756 0.00109586761426156
0.4 -2.2 -0.000186195768017569 0.00115316309267622
0.4 -2 -0.000198452328759684 0.00121922151406874
0.4 -1.8 -0.000212074352398834 0.00129618204178075
0.4 -1.6 -0.000226871256885573 0.00138680743589688
0.4 -1.4 -0.000242064251989965 0.00149455187521729
0.4 -1.2 -0.000255403480259862 0.00162327443278046
0.4 -1 -0.000260905753553726 0.00177554670660546
0.4 -0.8 -0.000242819633698577 0.00194585950406245
0.4 -0.6 -0.000159163515988044 0.0020972092344798
0.4 -0.4 0.000100420350000431 0.00210771897650562
0.4 -0.2 0.000769035688156924 0.0018424693552086
0.4 0 0.00153405734953002 0.00162992377947136
0.4 0.2 0.000769035688156924 0.0018424693552086
0.4 0.4 0.000100420350000431 0.00210771897650562
0.4 0.6 -0.000159163515988044 0.0020972092344798
0.4 0.8 -0.000242819633698577 0.00194585950406245
0.4 1 -0.000260905753553726 0.00177554670660546
0.4 1.2 -0.000255403480259862 0.00162327443278046
0.4 1.4 -0.000242064251989965 0.00149455187521729
0.4 1.6 -0.000226871256885573 0.00138680743589688
0.4 1.8 -0.000212074352398834 0.00129618204178075
0.4 2 -0.000198452328759684 0.00121922151406874
0.4 2.2 -0.000186195768017569 0.00115316309267623
0.4 2.4 -0.000175264657991756 0.00109586761426156
0.4 2.6 -0.000165536881791823 0.00104568848640613
0.4 2.8 -0.00015687012860804 0.00100135248508233
0.4 3 -0.000149126909168712 0.000961866363370958
0.4 3.2 -0.000142183614059533 0.000926447157639547
0.4 3.4 -0.000135932710443449 0.000894470959733319
0.4 3.6 -0.000130282107579206 0.000865435307009429
0.4 3.8 -0.000125153488338326 0.000838931425720825
0.4 4 -0.000120480397140758 0.000826266448313304
0.6 -4 -0.000133603812040285 0.00085310074045103
0.6 -3.8 -0.000138722489286642 0.000866414908307164
0.6 -3.6 -0.000144267459096193 0.000894239094198032
0.6 -3.4 -0.000150279244201967 0.000924627163275021
0.6 -3.2 -0.000156797302125134 0.000957956027516883
0.6 -3 -0.000163855264387793 0.000994674444334352
0.6 -2.8 -0.000171472083461474 0.00103531737545976
0.6 -2.6 -0.000179635787530134 0.00108052128408475
0.6 -2.4 -0.000188273702541316 0.00113103746273453
0.6 -2.2 -0.000197197469539188 0.00118773595468144
0.6 -2 -0.000206000153086126 0.00125158221406763
0.6 -1.8 -0.000213860215719625 0.00132354461415563
0.6 -1.6 -0.000219160254032879 0.00140433510348875
0.6 -1.4 -0.000218729923876199 0.00149375589819525
0.6 -1.2 -0.000206319321856968 0.00158913452127335
0.6 -1 -0.000169527820958008 0.00168175918217176
0.6 -0.8 -8.39500020560662e-05 0.00174966835223337
0.6 -0.6 9.56168959374894e-05 0.0017481831727685
0.6 -0.4 0.000434081586761142 0.00162134696641521
0.6 -0.2 0.000928631944504244 0.00139515879271186
0.6 0 0.00122755139480126 0.00127041585414539
0.6 0.2 0.000928631944504244 0.00139515879271186
0.6 0.4 0.000434081586761142 0.0016213469664152
0.6 0.6 9.56168959374894e-05 0.0017481831727685
0.6 0.8 -8.39500020560662e-05 0.00174966835223337
0.6 1 -0.000169527820958008 0.00168175918217176
0.6 1.2 -0.000206319321856968 0.00158913452127336
0.6 1.4 -0.000218729923876199 0.00149375589819525
0.6 1.6 -0.000219160254032879 0.00140433510348875
0.6 1.8 -0.000213860215719625 0.00132354461415563
0.6 2 -0.000206000153086126 0.00125158221406763
0.6 2.2 -0.000197197469539188 0.00118773595468145
0.6 2.4 -0.000188273702541316 0.00113103746273453
0.6 2.6 -0.000179635787530134 0.00108052128408475
0.6 2.8 -0.000171472083461474 0.00103531737545975
0.6 3 -0.000163855264387793 0.000994674444334351
0.6 3.2 -0.000156797302125134 0.000957956027516885
0.6 3.4 -0.000150279244201967 0.000924627163275021
0.6 3.6 -0.000144267459096193 0.000894239094198032
0.6 3.8 -0.000138722489286642 0.000866414908307164
0.6 4 -0.000133603812040285 0.000853100740451028
0.8 -4 -0.000142457591481544 0.000873674425278236
0.8 -3.8 -0.000147431415648974 0.000887188457248454
0.8 -3.6 -0.000152688382937164 0.000915343570202459
0.8 -3.4 -0.000158215235107468 0.000945889765542335
0.8 -3.2 -0.000163976751850037 0.000979117940580509
0.8 -3 -0.000169901930136022 0.00101535211870288
0.8 -2.8 -0.000175861706213078 0.00105494486671764
0.8 -2.6 -0.000181632671297984 0.00109826341289955
0.8 -2.4 -0.000186837275107647 0.00114565764014773
0.8 -2.2 -0.000190844044268192 0.00119739330539207
0.8 -2 -0.000192599063200582 0.0012535191076238
0.8 -1.8 -0.00019033862765633 0.00131360892771626
0.8 -1.6 -0.000181097646714944 0.00137627232832849
0.8 -1.4 -0.000159877541548777 0.00143825197340145
0.8 -1.2 -0.000118296823173153 0.00149285881391179
0.8 -1 -4.26663871279792e-05 0.00152764976913398
0.8 -0.8 8.7688119645293e-05 0.00152245938412874
0.8 -0.6 0.000297502613661713 0.00145311499311141
0.8 -0.4 0.000594232202282722 0.00131292277773699
0.8 -0.2 0.000908938164828343 0.0011525301572814
0.8 0 0.00105619888104432 0.00107861847682503
0.8 0.2 0.000908938164828343 0.00115253015728141
0.8 0.4 0.000594232202282722 0.00131292277773699
0.8 0.6 0.000297502613661713 0.00145311499311141
0.8 0.8 8.7688119645293e-05 0.00152245938412874
0.8 1 -4.26663871279792e-05 0.00152764976913398
0.8 1.2 -0.000118296823173153 0.0014928588139118
0.8 1.4 -0.000159877541548777 0.00143825197340145
0.8 1.6 -0.000181097646714944 0.00137627232832849
0.8 1.8 -0.00019033862765633 0.00131360892771626
0.8 2 -0.000192599063200582 0.0012535191076238
0.8 2.2 -0.000190844044268192 0.00119739330539207
0.8 2.4 -0.000186837275107647 0.00114565764014773
0.8 2.6 -0.000181632671297984 0.00109826341289955
0.8 2.8 -0.000175861706213078 0.00105494486671763
0.8 3 -0.000169901930136022 0.00101535211870288
0.8 3.2 -0.000163976751850037 0.000979117940580511
0.8 3.4 -0.000158215235107468 0.000945889765542335
0.8 3.6 -0.000152688382937164 0.000915343570202458
0.8 3.8 -0.000147431415648974 0.000887188457248454
0.8 4 -0.000142457591481544 0.000873674425278233
1 -4 -0.000147050162776187 0.000887980376111659
1 -3.8 -0.000151327703197809 0.000901270683852457
1 -3.6 -0.000155650966297727 0.000928832782789283
1 -3.4 -0.000159934535950845 0.000958443280801626
1 -3.2 -0.000164047106275073 0.00099027103263609
1 -3 -0.000167789055221958 0.0010244726083537
1 -2.8 -0.000170858464668432 0.00106116954135709
1 -2.6 -0.000172799236088341 0.00110040897106683
1 -2.4 -0.000172921363119475 0.00114209664931566
1 -2.2 -0.000170177997060948 0.00118588430184859
1 -2 -0.000162976302090723 0.00123098279639549
1 -1.8 -0.000148890169361046 0.00127585874018499
1 -1.6 -0.000124238565154116 0.0013177610209908
1 -1.4 -8.35154175127171e-05 0.00135204091123975
1 -1.2 -1.87718810883122e-05 0.00137135478983009
1 -1 8.05667536858611e-05 0.00136527016412794
1 -0.8 0.000225965822964926 0.00132184163950381
1 -0.6 0.00042274857680057 0.00123417053702328
1 -0.4 0.000653499113379308 0.00111376076945666
1 -0.2 0.000857462112073079 0.00100183844363167
1 0 0.000941933314362223 0.000955194863600054
1 0.2 0.000857462112073079 0.00100183844363167
1 0.4 0.000653499113379308 0.00111376076945666
1 0.6 0.00042274857680057 0.00123417053702328
1 0.8 0.000225965822964926 0.00132184163950381
1 1 8.05667536858611e-05 0.00136527016412794
1 1.2 -1.87718810883122e-05 0.00137135478983009
1 1.4 -8.35154175127171e-05 0.00135204091123975
1 1.6 -0.000124238565154116 0.0013177610209908
1 1.8 -0.000148890169361046 0.00127585874018499
1 2 -0.000162976302090723 0.00123098279639549
1 2.2 -0.000170177997060948 0.00118588430184859
1 2.4 -0.000172921363119475 0.00114209664931566
1 2.6 -0.000172799236088341 0.00110040897106683
1 2.8 -0.000170858464668432 0.00106116954135709
1 3 -0.000167789055221958 0.0010244726083537
1 3.2 -0.000164047106275073 0.000990271032636092
1 3.4 -0.000159934535950845 0.000958443280801626
1 3.6 -0.000155650966297727 0.000928832782789282
1 3.8 -0.000151327703197809 0.000901270683852457
1 4 -0.000147050162776187 0.000887980376111657
1.2 -4 -0.000147553963594487 0.00089623364002608
1.2 -3.8 -0.000150658652105271 0.000908927486795029
1.2 -3.6 -0.000153505893507578 0.00093509472395105
1.2 -3.4 -0.000155931327439495 0.000962847256949723
1.2 -3.2 -0.000157702864820576 0.000992217252648501
1.2 -3 -0.000158492499831581 0.00102318249252069
1.2 -2.8 -0.000157835823888202 0.00105563108588993
1.2 -2.6 -0.000155073870580744 0.00108930735758183
1.2 -2.4 -0.000149269968913493 0.00112372974018619
1.2 -2.2 -0.000139092389340294 0.00115806823483822
1.2 -2 -0.000122653260922596 0.00119096669935082
1.2 -1.8 -9.72998402310032e-05 0.00122029840923456
1.2 -1.6 -5.93766056970351e-05 0.00124286399847087
1.2 -1.4 -4.0405671224875e-06 0.00125410630414886
1.2 -1.2 7.46338275607314e-05 0.00124807697563529
1.2 -1 0.000182711071500893 0.00121819804829278
1.2 -0.8 0.000323595238278567 0.00115973538127864
1.2 -0.6 0.000492193874816232 0.00107473282092408
1.2 -0.4 0.000666705314563174 0.000978018117740158
1.2 -0.2 0.00080495353615286 0.000898319665393102
1.2 0 0.000858516543301418 0.000867074563028768
1.2 0.2 0.00080495353615286 0.000898319665393105
1.2 0.4 0.000666705314563174 0.000978018117740157
1.2 0.6 0.000492193874816232 0.00107473282092408
1.2 0.8 0.000323595238278567 0.00115973538127864
1.2 1 0.000182711071500893 0.00121819804829278
1.2 1.2 7.46338275607314e-05 0.00124807697563529
1.2 1.4 -4.0405671224875e-06 0.00125410630414886
1.2 1.6 -5.93766056970351e-05 0.00124286399847087
1.2 1.8 -9.72998402310032e-05 0.00122029840923456
1.2 2 -0.000122653260922596 0.00119096669935082
1.2 2.2 -0.000139092389340294 0.00115806823483822
1.2 2.4 -0.000149269968913493 0.00112372974018619
1.2 2.6 -0.000155073870580744 0.00108930735758183
1.2 2.8 -0.000157835823888202 0.00105563108588993
1.2 3 -0.000158492499831581 0.00102318249252069
1.2 3.2 -0.000157702864820576 0.000992217252648503
1.2 3.4 -0.000155931327439495 0.000962847256949723
1.2 3.6 -0.000153505893507578 0.000935094723951049
1.2 3.8 -0.000150658652105271 0.000908927486795029
1.2 4 -0.000147553963594487 0.000896233640026078
1.4 -4 -0.000144278047569147 0.000898833978695602
1.4 -3.8 -0.000145832615747131 0.000910626533035708
1.4 -3.6 -0.000146793051225007 0.000934755920029039
1.4 -3.4 -0.000146920425988743 0.00095994151321156
1.4 -3.2 -0.000145892297311349 0.000986083913149505
1.4 -3 -0.000143272839673942 0.00101299774881718
1.4 -2.8 -0.000138472360174123 0.0010403715897788
1.4 -2.6 -0.00013069308576466 0.00106771160478305
1.4 -2.4 -0.000118858220030272 0.00109426409419851
1.4 -2.2 -0.000101523005826963 0.00111891285837017
1.4 -2 -7.67722415076478e-05 0.00114005203221815
1.4 -1.8 -4.21231631258035e-05 0.00115544858785648
1.4 -1.6 5.51533368518191e-06 0.00116214046824357
1.4 -1.4 6.97127844089716e-05 0.00115647970835127
1.4 -1.2 0.000153994592115128 0.00113453356129437
1.4 -1 0.000260569656744464 0.00109316907633343
1.4 -0.8 0.000387918244209113 0.00103211566578208
1.4 -0.6 0.000527302736189514 0.000956782693299238
1.4 -0.4 0.000659784776991494 0.000880310077595064
1.4 -0.2 0.000757658672899237 0.000821959219317728
1.4 0 0.000794086516675729 0.000799970463477849
1.4 0.2 0.000757658672899237 0.00082195921931773
1.4 0.4 0.000659784776991494 0.000880310077595063
1.4 0.6 0.000527302736189514 0.000956782693299237
1.4 0.8 0.000387918244209113 0.00103211566578208
1.4 1 0.000260569656744464 0.00109316907633343
1.4 1.2 0.000153994592115128 0.00113453356129437
1.4 1.4 6.97127844089716e-05 0.00115647970835127
1.4 1.6 5.51533368518191e-06 0.00116214046824357
1.4 1.8 -4.21231631258035e-05 0.00115544858785648
1.4 2 -7.67722415076478e-05 0.00114005203221815
1.4 2.2 -0.000101523005826963 0.00111891285837017
1.4 2.4 -0.000118858220030272 0.00109426409419851
1.4 2.6 -0.00013069308576466 0.00106771160478305
1.4 2.8 -0.000138472360174123 0.0010403715897788
1.4 3 -0.000143272839673942 0.00101299774881718
1.4 3.2 -0.000145892297311349 0.000986083913149507
1.4 3.4 -0.000146920425988743 0.00095994151321156
1.4 3.6 -0.000146793051225007 0.000934755920029038
1.4 3.8 -0.000145832615747131 0.000910626533035708
1.4 4 -0.000144278047569147 0.0008988339786956
1.6 -4 -0.00013763376398505 0.000896319472204273
1.6 -3.8 -0.000137372254624891 0.000906982219926936
1.6 -3.6 -0.000136177527795259 0.000928605663396853
1.6 -3.4 -0.000133749263647629 0.00095074134130377
1.6 -3.2 -0.000129695992424283 0.000973178241406354
1.6 -3 -0.000123507591174499 0.000995601650937175
1.6 -2.8 -0.000114520552563302 0.00101755546911308
1.6 -2.6 -0.000101875563556506 0.00103839379595702
1.6 -2.4 -8.44686986200581e-05 0.00105722154540636
1.6 -2.2 -6.09015961037577e-05 0.00107282738538525
1.6 -2 -2.9444366408097e-05 0.00108362019098845
1.6 -1.8 1.19591714847375e-05 0.00108759563668014
1.6 -1.6 6.55871156750848e-05 0.00108238626691604
1.6 -1.4 0.000133638758070549 0.0010654870725169
1.6 -1.2 0.000217596143927016 0.00103478681569364
1.6 -1 0.000317100375955562 0.000989527858428939
1.6 -0.8 0.000428330918837798 0.000931668500098721
1.6 -0.6 0.000542312396243545 0.000867225340195277
1.6 -0.4 0.000644341099687271 0.000806601681122436
1.6 -0.2 0.000716266767427055 0.000762698439276081
1.6 0 0.000742349846764714 0.00074659326072684
1.6 0.2 0.000716266767427055 0.000762698439276083
1.6 0.4 0.000644341099687271 0.000806601681122435
1.6 0.6 0.000542312396243545 0.000867225340195276
1.6 0.8 0.000428330918837798 0.000931668500098721
1.6 1 0.000317100375955562 0.000989527858428939
1.6 1.2 0.000217596143927016 0.00103478681569365
1.6 1.4 0.000133638758070549 0.0010654870725169
1.6 1.6 6.55871156750848e-05 0.00108238626691604
1.6 1.8 1.19591714847375e-05 0.00108759563668014
1.6 2 -2.9444366408097e-05 0.00108362019098845
1.6 2.2 -6.09015961037577e-05 0.00107282738538525
1.6 2.4 -8.44686986200581e-05 0.00105722154540636
1.6 2.6 -0.000101875563556506 0.00103839379595702
1.6 2.8 -0.000114520552563302 0.00101755546911308
1.6 3 -0.000123507591174499 0.000995601650937175
1.6 3.2 -0.000129695992424283 0.000973178241406356
1.6 3.4 -0.000133749263647629 0.00095074134130377
1.6 3.6 -0.000136177527795259 0.000928605663396853
1.6 3.8 -0.000137372254624891 0.000906982219926936
1.6 4 -0.00013763376398505 0.000896319472204271
1.8 -4 -0.000128098159709469 0.000889317561981601
1.8 -3.8 -0.000125866462877281 0.000898698861882338
1.8 -3.6 -0.000122386417450063 0.000917520952949517
1.8 -3.4 -0.000117314925246511 0.000936338454787324
1.8 -3.2 -0.000110218450786776 0.000954857259281639
1.8 -3 -0.000100550950648651 0.000972675512287519
1.8 -2.8 -8.76286274030275e-05 0.000989253372576381
1.8 -2.6 -7.0603295571845e-05 0.00100387838254212
1.8 -2.4 -4.84387516868508e-05 0.00101562966864066
1.8 -2.2 -1.98992513559084e-05 0.00102334862810008
1.8 -2 1.64328581737971e-05 0.00102563144124647
1.8 -1.8 6.20810476719544e-05 0.00102087069205275
1.8 -1.6 0.000118494394376184 0.00100738910665295
1.8 -1.4 0.000186701678197859 0.000983722756019175
1.8 -1.2 0.000266737638966711 0.000949108676031294
1.8 -1 0.000356826627271244 0.000904182455715714
1.8 -0.8 0.000452452995457946 0.000851757539844562
1.8 -0.6 0.000545714905210936 0.000797337712927754
1.8 -0.4 0.000625647903067261 0.000748822164722651
1.8 -0.2 0.000680178037366329 0.000714965744959928
1.8 0 0.000699604265460437 0.000702780476675524
1.8 0.2 0.000680178037366329 0.00071496574495993
1.8 0.4 0.000625647903067261 0.000748822164722651
1.8 0.6 0.000545714905210936 0.000797337712927753
1.8 0.8 0.000452452995457946 0.000851757539844562
1.8 1 0.000356826627271244 0.000904182455715714
1.8 1.2 0.000266737638966711 0.000949108676031296
1.8 1.4 0.000186701678197859 0.000983722756019174
1.8 1.6 0.000118494394376184 0.00100738910665295
1.8 1.8 6.20810476719544e-05 0.00102087069205275
1.8 2 1.64328581737971e-05 0.00102563144124647
1.8 2.2 -1.98992513559084e-05 0.00102334862810008
1.8 2.4 -4.84387516868508e-05 0.00101562966864066
1.8 2.6 -7.0603295571845e-05 0.00100387838254212
1.8 2.8 -8.76286274030275e-05 0.000989253372576381
1.8 3 -0.000100550950648651 0.000972675512287518
1.8 3.2 -0.000110218450786776 0.000954857259281641
1.8 3.4 -0.000117314925246511 0.000936338454787324
1.8 3.6 -0.000122386417450063 0.000917520952949516
1.8 3.8 -0.000125866462877281 0.000898698861882338
1.8 4 -0.000128098159709469 0.000889317561981598
2 -4 -0.000116179117233993 0.000878498893081892
2 -3.8 -0.00011192633594031 0.00088651836088229
2 -3.6 -0.000106153522661044 0.000902400423007137
2 -3.4 -9.84954065104945e-05 0.000917818373159576
2 -3.2 -8.85040837151556e-05 0.000932426173042158
2 -3 -7.56340491750985e-05 0.000945777134692232
2 -2.8 -5.92278314129121e-05 0.000957303552136207
2 -2.6 -3.85054402151298e-05 0.000966297458866297
2 -2.4 -1.25634811126406e-05 0.000971897529369536
2 -2.2 1.96061258135767e-05 0.000973091083736724
2 -2 5.9062105239588e-05 0.000968745786735422
2 -1.8 0.000106801672370144 0.000957692498676358
2 -1.6 0.000163561269384968 0.000938886567270808
2 -1.4 0.000229501649026778 0.000911673875219414
2 -1.2 0.000303767357793125 0.000876169473420873
2 -1 0.000383964162499872 0.000833706836520195
2 -0.8 0.000465698802743603 0.000787228504570051
2 -0.6 0.000542455012535366 0.00074138874888451
2 -0.4 0.000606150834924789 0.000702103817294843
2 -0.2 0.000648581500924356 0.000675424765406156
2 0 0.000663506660557031 0.000665955725311545
2 0.2 0.000648581500924356 0.000675424765406158
2 0.4 0.000606150834924789 0.000702103817294842
2 0.6 0.000542455012535366 0.000741388748884509
2 0.8 0.000465698802743603 0.000787228504570051
2 1 0.000383964162499872 0.000833706836520195
2 1.2 0.000303767357793125 0.000876169473420875
2 1.4 0.000229501649026778 0.000911673875219413
2 1.6 0.000163561269384968 0.000938886567270807
2 1.8 0.000106801672370144 0.000957692498676358
2 2 5.9062105239588e-05 0.000968745786735422
2 2.2 1.96061258135767e-05 0.000973091083736725
2 2.4 -1.25634811126406e-05 0.000971897529369536
2 2.6 -3.85054402151298e-05 0.000966297458866297
2 2.8 -5.92278314129121e-05 0.000957303552136206
2 3 -7.56340491750985e-05 0.000945777134692231
2 3.2 -8.85040837151556e-05 0.00093242617304216
2 3.4 -9.84954065104945e-05 0.000917818373159575
2 3.6 -0.000106153522661044 0.000902400423007137
2 3.8 -0.00011192633594031 0.00088651836088229
2 4 -0.000116179117233993 0.000878498893081889
2.2 -4 -0.000102385137052648 0.000864537701537176
2.2 -3.8 -9.61487254723564e-05 0.000871176483647751
2.2 -3.6 -8.81760793643565e-05 0.000884112049560014
2.2 -3.4 -7.8099480703167e-05 0.000896199301401774
2.2 -3.2 -6.54814130239574e-05 0.000907069546611201
2.2 -3 -4.98070088731152e-05 0.000916268082266335
2.2 -2.8 -3.04800087107097e-05 0.00092324387556884
2.2 -2.6 -6.82597918280411e-06 0.000927344243827967
2.2 -2.4 2.18913028605077e-05 0.000927819875800792
2.2 -2.2 5.6431547192151e-05 0.000923848322036311
2.2 -2 9.75057375651231e-05 0.000914587266119761
2.2 -1.8 0.000145655437279609 0.000899271426459147
2.2 -1.6 0.000201069537093612 0.00087736646508524
2.2 -1.4 0.000263332389262012 0.000848785647972582
2.2 -1.2 0.000331119131818579 0.000814154778606953
2.2 -1 0.000401895176166577 0.000775074437163871
2.2 -0.8 0.000471734313681868 0.000734280864397427
2.2 -0.6 0.000535420068012383 0.000695570685872226
2.2 -0.4 0.00058698664504757 0.00066337161707552
2.2 -0.2 0.000620731485111608 0.000641949217992531
2.2 0 0.000632490602561661 0.000634425318092321
2.2 0.2 0.000620731485111608 0.000641949217992533
2.2 0.4 0.00058698664504757 0.000663371617075519
2.2 0.6 0.000535420068012383 0.000695570685872226
2.2 0.8 0.000471734313681868 0.000734280864397427
2.2 1 0.000401895176166577 0.000775074437163871
2.2 1.2 0.000331119131818579 0.000814154778606955
2.2 1.4 0.000263332389262012 0.000848785647972581
2.2 1.6 0.000201069537093612 0.000877366465085239
2.2 1.8 0.000145655437279609 0.000899271426459147
2.2 2 9.75057375651231e-05 0.000914587266119761
2.2 2.2 5.6431547192151e-05 0.000923848322036312
2.2 2.4 2.18913028605077e-05 0.000927819875800792
2.2 2.6 -6.82597918280411e-06 0.000927344243827967
2.2 2.8 -3.04800087107097e-05 0.00092324387556884
2.2 3 -4.98070088731152e-05 0.000916268082266334
2.2 3.2 -6.54814130239574e-05 0.000907069546611202
2.2 3.4 -7.8099480703167e-05 0.000896199301401774
2.2 3.6 -8.81760793643565e-05 0.000884112049560013
2.2 3.8 -9.61487254723564e-05 0.000871176483647751
2.2 4 -0.000102385137052648 0.000864537701537174
2.4 -4 -8.72014202678257e-05 0.00084808074857961
2.4 -3.8 -7.9089042708524e-05 0.000853369688155831
2.4 -3.6 -6.90848333326262e-05 0.000863456186815855
2.4 -3.4 -5.68354983065296e-05 0.000872392872326
2.4 -3.2 -4.19335508016895e-05 0.000879812965189205
2.4 -3 -2.3916459300022e-05 0.00088528225049676
2.4 -2.8 -2.27112265597876e-06 0.000888297482397757
2.4 -2.6 2.35527391535148e-05 0.000888291893488151
2.4 -2.4 5.41152307490774e-05 0.000884652505406914
2.4 -2.2 8.9938359933003e-05 0.000876755492340875
2.4 -2 0.000131429812161076 0.00086402701796632
2.4 -1.8 0.000178771054760784 0.000846036709211207
2.4 -1.6 0.000231766140032972 0.000822627510141428
2.4 -1.4 0.000289657256673911 0.000794076795756976
2.4 -1.2 0.000350931137761725 0.000761267450457996
2.4 -1 0.000413166766115636 0.000725824935521352
2.4 -0.8 0.000473002692075855 0.00069015399685551
2.4 -0.6 0.00052631458715543 0.000657301550833386
2.4 -0.4 0.000568665354295011 0.000630599677328361
2.4 -0.2 0.000596004014791592 0.000613114303312003
2.4 0 0.000605463163720376 0.000607022649186781
2.4 0.2 0.000596004014791592 0.000613114303312005
2.4 0.4 0.000568665354295011 0.00063059967732836
2.4 0.6 0.00052631458715543 0.000657301550833385
2.4 0.8 0.000473002692075855 0.00069015399685551
2.4 1 0.000413166766115636 0.000725824935521352
2.4 1.2 0.000350931137761725 0.000761267450457998
2.4 1.4 0.000289657256673911 0.000794076795756975
2.4 1.6 0.000231766140032972 0.000822627510141427
2.4 1.8 0.000178771054760784 0.000846036709211207
2.4 2 0.000131429812161076 0.00086402701796632
2.4 2.2 8.9938359933003e-05 0.000876755492340877
2.4 2.4 5.41152307490774e-05 0.000884652505406913
2.4 2.6 2.35527391535148e-05 0.000888291893488151
2.4 2.8 -2.27112265597876e-06 0.000888297482397756
2.4 3 -2.3916459300022e-05 0.00088528225049676
2.4 3.2 -4.19335508016895e-05 0.000879812965189207
2.4 3.4 -5.68354983065296e-05 0.000872392872326
2.4 3.6 -6.90848333326262e-05 0.000863456186815855
2.4 3.8 -7.9089042708524e-05 0.000853369688155831
2.4 4 -8.72014202678257e-05 0.000848080748579608
2.6 -4 -7.10727680133746e-05 0.000829725280699554
2.6 -3.8 -6.1243394399664e-05 0.000833732637281865
2.6 -3.6 -4.9426674307059e-05 0.000841143064249653
2.6 -3.4 -3.52967151562305e-05 0.000847184021430268
2.6 -3.2 -1.84897880404659e-05 0.000851509257291809
2.6 -3 1.39114389465341e-06 0.000853724611459368
2.6 -2.8 2.4765783886413e-05 0.000853393086167545
2.6 -2.6 5.20567415000721e-05 0.000850047649936553
2.6 -2.4 8.36568682876925e-05 0.000843215372711209
2.6 -2.2 0.000119879383746235 0.000832457056671992
2.6 -2 0.000160886737747158 0.000817426377023186
2.6 -1.8 0.000206596010449031 0.000797950905189108
2.6 -1.6 0.00025656323759929 0.00077413323700279
2.6 -1.4 0.000309857489642333 0.000746462864812111
2.6 -1.2 0.000364948121263498 0.00071591836737963
2.6 -1 0.000419643357452173 0.000684027030470442
2.6 -0.8 0.000471129384279591 0.00065284055119094
2.6 -0.6 0.000516156260664534 0.00062478942803788
2.6 -0.4 0.000551389562859987 0.000602402836341538
2.6 -0.2 0.000573892217884491 0.000587925440471877
2.6 0 0.000581635136496873 0.000582913712106776
2.6 0.2 0.000573892217884491 0.000587925440471879
2.6 0.4 0.000551389562859987 0.000602402836341538
2.6 0.6 0.000516156260664534 0.00062478942803788
2.6 0.8 0.000471129384279591 0.00065284055119094
2.6 1 0.000419643357452173 0.000684027030470442
2.6 1.2 0.000364948121263498 0.000715918367379632
2.6 1.4 0.000309857489642333 0.00074646286481211
2.6 1.6 0.00025656323759929 0.000774133237002789
2.6 1.8 0.000206596010449031 0.000797950905189108
2.6 2 0.000160886737747158 0.000817426377023186
2.6 2.2 0.000119879383746235 0.000832457056671994
2.6 2.4 8.36568682876925e-05 0.000843215372711209
2.6 2.6 5.20567415000721e-05 0.000850047649936553
2.6 2.8 2.4765783886413e-05 0.000853393086167544
2.6 3 1.39114389465341e-06 0.000853724611459368
2.6 3.2 -1.84897880404659e-05 0.000851509257291811
2.6 3.4 -3.52967151562305e-05 0.000847184021430267
2.6 3.6 -4.9426674307059e-05 0.000841143064249653
2.6 3.8 -6.1243394399664e-05 0.000833732637281865
2.6 4 -7.10727680133746e-05 0.000829725280699551
2.8 -4 -5.43929421402638e-05 0.000810005379540385
2.8 -3.8 -4.30390445106165e-05 0.000812825298520945
2.8 -3.6 -2.96577521162213e-05 0.000817782425887735
2.8 -3.4 -1.39594000085359e-05 0.000821225765050529
2.8 -3.2 4.36795299175627e-06 0.000822842193853334
2.8 -3 2.56501581940572e-05 0.000822289046522145
2.8 -2.8 5.02125180587145e-05 0.000819203658253115
2.8 -2.6 7.83569858596707e-05 0.000813220241637506
2.8 -2.4 0.000110328528809388 0.000803996527061963
2.8 -2.2 0.000146268325258873 0.000791252507712439
2.8 -2 0.000186152438855313 0.000774822794143085
2.8 -1.8 0.000229716915115693 0.000754722026005165
2.8 -1.6 0.00027637441689419 0.000731219045027828
2.8 -1.4 0.000325133803087212 0.00070490994648159
2.8 -1.2 0.000374541870292373 0.000676773336049705
2.8 -1 0.000422673699770253 0.000648185114626048
2.8 -0.8 0.000467200625409045 0.000620868431119724
2.8 -0.6 0.000505557482730311 0.000596761336202603
2.8 -0.4 0.000535209660087622 0.000577802767785013
2.8 -0.2 0.000553987379824898 0.000565664539474131
2.8 0 0.000560420300588753 0.000561483906562813
2.8 0.2 0.000553987379824898 0.000565664539474133
2.8 0.4 0.000535209660087622 0.000577802767785013
2.8 0.6 0.000505557482730311 0.000596761336202603
2.8 0.8 0.000467200625409045 0.000620868431119724
2.8 1 0.000422673699770253 0.000648185114626048
2.8 1.2 0.000374541870292373 0.000676773336049707
2.8 1.4 0.000325133803087212 0.000704909946481589
2.8 1.6 0.00027637441689419 0.000731219045027827
2.8 1.8 0.000229716915115693 0.000754722026005165
2.8 2 0.000186152438855313 0.000774822794143085
2.8 2.2 0.000146268325258873 0.00079125250771244
2.8 2.4 0.000110328528809388 0.000803996527061963
2.8 2.6 7.83569858596707e-05 0.000813220241637506
2.8 2.8 5.02125180587145e-05 0.000819203658253114
2.8 3 2.56501581940572e-05 0.000822289046522144
2.8 3.2 4.36795299175627e-06 0.000822842193853335
2.8 3.4 -1.39594000085359e-05 0.000821225765050529
2.8 3.6 -2.96577521162213e-05 0.000817782425887735
2.8 3.8 -4.30390445106165e-05 0.000812825298520945
2.8 4 -5.43929421402638e-05 0.000810005379540383
3 -4 -3.7499577140525e-05 0.000789385398349093
3 -3.8 -2.4831604281295e-05 0.000791127860339699
3 -3.6 -1.01444742755033e-05 0.000793882405032496
3 -3.4 6.81027888702041e-06 0.000795044384544093
3 -3.2 2.62896477390649e-05 0.000794341070336091
3 -3 4.85484316771415e-05 0.000791486134582086
3 -2.8 7.3822981295544e-05 0.000786191706383044
3 -2.6 0.000102307908437033 0.00077818677120132
3 -2.4 0.000134124372413632 0.000767243326673162
3 -2.2 0.000169279086647457 0.000753211260764422
3 -2 0.000207614404763764 0.000736061846124533
3 -1.8 0.000248752009685169 0.000715937808660569
3 -1.6 0.000292036004453199 0.000693205003513048
3 -1.4 0.000336485423544461 0.000668497005903896
3 -1.2 0.000380770559732153 0.000642740149323679
3 -1 0.00042323037601726 0.000617144206512458
3 -0.8 0.000461947195589084 0.000593145087339215
3 -0.6 0.000494887352631981 0.000572292566876843
3 -0.4 0.000520101608003713 0.000556088644447462
3 -0.2 0.000535959371676067 0.000545798311956487
3 0 0.000541372785083552 0.000542268745989194
3 0.2 0.000535959371676067 0.000545798311956489
3 0.4 0.000520101608003713 0.000556088644447462
3 0.6 0.000494887352631981 0.000572292566876842
3 0.8 0.000461947195589084 0.000593145087339215
3 1 0.00042323037601726 0.000617144206512458
3 1.2 0.000380770559732153 0.000642740149323681
3 1.4 0.000336485423544461 0.000668497005903895
3 1.6 0.000292036004453199 0.000693205003513047
3 1.8 0.000248752009685169 0.000715937808660569
3 2 0.000207614404763764 0.000736061846124533
3 2.2 0.000169279086647457 0.000753211260764423
3 2.4 0.000134124372413632 0.000767243326673161
3 2.6 0.000102307908437033 0.00077818677120132
3 2.8 7.3822981295544e-05 0.000786191706383043
3 3 4.85484316771415e-05 0.000791486134582085
3 3.2 2.62896477390649e-05 0.000794341070336092
3 3.4 6.81027888702041e-06 0.000795044384544093
3 3.6 -1.01444742755033e-05 0.000793882405032496
3 3.8 -2.4831604281295e-05 0.000791127860339699
3 4 -3.7499577140525e-05 0.000789385398349091
3.2 -4 -2.06734709329367e-05 0.000768258903454801
3.2 -3.8 -6.90717502527862e-06 0.00076904149043879
3.2 -3.6 8.83018714952436e-06 0.000769854756234661
3.2 -3.4 2.67441525020765e-05 0.000769051009332073
3.2 -3.2 4.70373749224266e-05 0.00076640087242545
3.2 -3 6.98978140649873e-05 0.000761674329066979
3.2 -2.8 9.54822344672116e-05 0.000754653734566225
3.2 -2.6 0.00012389415850392 0.000745151939419627
3.2 -2.4 0.000155155721725993 0.00073303615523536
3.2 -2.2 0.000189173548325129 0.000718257609499196
3.2 -2 0.000225699937197134 0.000700885991835407
3.2 -1.8 0.000264292422483265 0.000681146108237012
3.2 -1.6 0.000304277109192795 0.000659452077945354
3.2 -1.4 0.000344723782594383 0.000636432120238398
3.2 -1.2 0.000384442953809409 0.000612935120211627
3.2 -1 0.000422015609544417 0.000590009717499383
3.2 -0.8 0.0004558641306475 0.000568848754166001
3.2 -0.6 0.000484366609077523 0.000550697319376904
3.2 -0.4 0.00050600677622707 0.000536731071008628
3.2 -0.2 0.000519540028869627 0.000527921157448124
3.2 0 0.000524146571581217 0.000524909630400747
3.2 0.2 0.000519540028869627 0.000527921157448125
3.2 0.4 0.00050600677622707 0.000536731071008627
3.2 0.6 0.000484366609077523 0.000550697319376903
3.2 0.8 0.0004558641306475 0.000568848754166001
3.2 1 0.000422015609544417 0.000590009717499383
3.2 1.2 0.000384442953809409 0.000612935120211628
3.2 1.4 0.000344723782594383 0.000636432120238397
3.2 1.6 0.000304277109192795 0.000659452077945354
3.2 1.8 0.000264292422483265 0.000681146108237012
3.2 2 0.000225699937197134 0.000700885991835407
3.2 2.2 0.000189173548325129 0.000718257609499197
3.2 2.4 0.000155155721725993 0.000733036155235359
3.2 2.6 0.00012389415850392 0.000745151939419627
3.2 2.8 9.54822344672116e-05 0.000754653734566225
3.2 3 6.98978140649873e-05 0.000761674329066979
3.2 3.2 4.70373749224266e-05 0.000766400872425451
3.2 3.4 2.67441525020765e-05 0.000769051009332072
3.2 3.6 8.83018714952436e-06 0.000769854756234661
3.2 3.8 -6.90717502527862e-06 0.00076904149043879
3.2 4 -2.06734709329367e-05 0.000768258903454799
3.4 -4 -4.14104516929119e-06 0.000746951545460816
3.4 -3.8 1.05122268529747e-05 0.000746893070783623
3.4 -3.6 2.70572967839644e-05 0.000746023954464846
3.4 -3.4 4.56575426569263e-05 0.000743556427715131
3.4 -3.2 6.64645407655719e-05 0.000739304224768088
3.4 -3 8.96061352130028e-05 0.00073309034862852
3.4 -2.8 0.000115170762826521 0.000724759919113707
3.4 -2.6 0.000143187670568353 0.000714196893789256
3.4 -2.4 0.000173603045448042 0.000701344749627942
3.4 -2.2 0.0002062527370327 0.000686230629087745
3.4 -2 0.000240833247546201 0.000668991565035972
3.4 -1.8 0.000276873993711818 0.000649900209115275
3.4 -1.6 0.000313715390150946 0.000629386110999711
3.4 -1.4 0.000350498766205854 0.000608047307953325
3.4 -1.2 0.000386174986078524 0.000586646249711378
3.4 -1 0.000419538199925201 0.000566084503183755
3.4 -0.8 0.000449288726383052 0.000547352815643431
3.4 -0.6 0.000474124330379378 0.00053145718580724
3.4 -0.4 0.000492852568768764 0.000519327149651648
3.4 -0.2 0.000504509921848497 0.000511718240105373
3.4 0 0.000508468436236692 0.000509124608844226
3.4 0.2 0.000504509921848497 0.000511718240105375
3.4 0.4 0.000492852568768764 0.000519327149651648
3.4 0.6 0.000474124330379378 0.00053145718580724
3.4 0.8 0.000449288726383052 0.000547352815643431
3.4 1 0.000419538199925201 0.000566084503183755
3.4 1.2 0.000386174986078524 0.00058664624971138
3.4 1.4 0.000350498766205854 0.000608047307953324
3.4 1.6 0.000313715390150946 0.000629386110999711
3.4 1.8 0.000276873993711818 0.000649900209115275
3.4 2 0.000240833247546201 0.000668991565035972
3.4 2.2 0.0002062527370327 0.000686230629087746
3.4 2.4 0.000173603045448042 0.000701344749627941
3.4 2.6 0.000143187670568353 0.000714196893789256
3.4 2.8 0.000115170762826521 0.000724759919113706
3.4 3 8.96061352130028e-05 0.00073309034862852
3.4 3.2 6.64645407655719e-05 0.000739304224768089
3.4 3.4 4.56575426569263e-05 0.00074355642771513
3.4 3.6 2.70572967839644e-05 0.000746023954464846
3.4 3.8 1.05122268529747e-05 0.000746893070783622
3.4 4 -4.14104516929119e-06 0.000746951545460814
3.6 -4 1.19211239713527e-05 0.00072572646538321
3.6 -3.8 2.72613703392244e-05 0.000724942327983223
3.6 -3.6 4.43911899554951e-05 0.00072263820977981
3.6 -3.4 6.3434338669729e-05 0.000718786850146978
3.6 -3.2 8.44962320345996e-05 0.000713242678220702
3.6 -3 0.000107652577030247 0.000705876487068538
3.6 -2.8 0.000132935174899432 0.000696587396856343
3.6 -2.6 0.000160314878076672 0.000685317576108819
3.6 -2.4 0.000189682068563012 0.000672069471906522
3.6 -2.2 0.000220825601528859 0.00065692478570061
3.6 -2 0.000253411934394312 0.000640063734947001
3.6 -1.8 0.000286967092061774 0.000621782306032364
3.6 -1.6 0.000320865070506544 0.000602504353784776
3.6 -1.4 0.000354327008382373 0.000582784758669358
3.6 -1.2 0.000386435605737684 0.000563299726376271
3.6 -1 0.000416168438427559 0.000544821048744615
3.6 -0.8 0.000442451694055042 0.000528172990487786
3.6 -0.6 0.000464232418586228 0.000514173412411739
3.6 -0.4 0.000480563074419981 0.000503564366682435
3.6 -0.2 0.000490688077224236 0.000496940840742776
3.6 0 0.000494119354271503 0.00049468846375154
3.6 0.2 0.000490688077224236 0.000496940840742778
3.6 0.4 0.000480563074419981 0.000503564366682434
3.6 0.6 0.000464232418586228 0.000514173412411738
3.6 0.8 0.000442451694055042 0.000528172990487786
3.6 1 0.000416168438427559 0.000544821048744615
3.6 1.2 0.000386435605737684 0.000563299726376272
3.6 1.4 0.000354327008382373 0.000582784758669358
3.6 1.6 0.000320865070506544 0.000602504353784775
3.6 1.8 0.000286967092061774 0.000621782306032364
3.6 2 0.000253411934394312 0.000640063734947001
3.6 2.2 0.000220825601528859 0.000656924785700611
3.6 2.4 0.000189682068563012 0.000672069471906522
3.6 2.6 0.000160314878076672 0.000685317576108819
3.6 2.8 0.000132935174899432 0.000696587396856342
3.6 3 0.000107652577030247 0.000705876487068537
3.6 3.2 8.44962320345996e-05 0.000713242678220703
3.6 3.4 6.3434338669729e-05 0.000718786850146978
3.6 3.6 4.43911899554951e-05 0.00072263820977981
3.6 3.8 2.72613703392244e-05 0.000724942327983223
3.6 4 1.19211239713527e-05 0.000725726465383208
3.8 -4 2.73806160672302e-05 0.000704791103569721
3.8 -3.8 4.32237219737133e-05 0.000703390126483421
3.8 -3.6 6.07385628000396e-05 0.000699880993520795
3.8 -3.4 8.00129271898231e-05 0.000694899144014987
3.8 -3.2 0.000101111838826417 0.000688335958033237
3.8 -3 0.000124067177202071 0.000680103860223245
3.8 -2.8 0.000148865282598713 0.000670146993547143
3.8 -2.6 0.000175432747577117 0.000658453721380322
3.8 -2.4 0.000203620941174061 0.000645070527564872
3.8 -2.2 0.000233190277327592 0.000630116466537743
3.8 -2 0.00026379580815664 0.000613796803169866
3.8 -1.8 0.000294976335466158 0.000596413929968666
3.8 -1.6 0.00032614977236201 0.000578373164933691
3.8 -1.4 0.000356617770678919 0.000560180777783286
3.8 -1.2 0.000385582434059928 0.000542431762065755
3.8 -1 0.000412177044428092 0.000525785648892984
3.8 -0.8 0.000435511023404958 0.000510930135336729
3.8 -0.6 0.000454726919634764 0.000498534384940049
3.8 -0.4 0.000469064436503014 0.000489196213432492
3.8 -0.2 0.000477924050194142 0.000483389438204712
3.8 0 0.000480921404271523 0.000481418790079946
3.8 0.2 0.000477924050194142 0.000483389438204713
3.8 0.4 0.000469064436503014 0.000489196213432492
3.8 0.6 0.000454726919634764 0.000498534384940048
3.8 0.8 0.000435511023404958 0.000510930135336729
3.8 1 0.000412177044428092 0.000525785648892984
3.8 1.2 0.000385582434059928 0.000542431762065756
3.8 1.4 0.000356617770678919 0.000560180777783285
3.8 1.6 0.00032614977236201 0.00057837316493369
3.8 1.8 0.000294976335466158 0.000596413929968666
3.8 2 0.00026379580815664 0.000613796803169866
3.8 2.2 0.000233190277327592 0.000630116466537744
3.8 2.4 0.000203620941174061 0.000645070527564871
3.8 2.6 0.000175432747577117 0.000658453721380322
3.8 2.8 0.000148865282598713 0.000670146993547142
3.8 3 0.000124067177202071 0.000680103860223245
3.8 3.2 0.000101111838826417 0.000688335958033239
3.8 3.4 8.00129271898231e-05 0.000694899144014987
3.8 3.6 6.07385628000396e-05 0.000699880993520795
3.8 3.8 4.32237219737133e-05 0.000703390126483421
3.8 4 2.73806160672302e-05 0.000704791103569719
4 -4 3.49457104241935e-05 0.000684304558211907
4 -3.8 5.09964188758975e-05 0.00068238703450786
4 -3.6 6.86568932030151e-05 0.000677882151393078
4 -3.4 8.79979549843315e-05 0.000671994685703222
4 -3.2 0.000109065936955257 0.000664648552810168
4 -3 0.000131872876241941 0.000655791431261071
4 -2.8 0.000156385066542461 0.000645403975953365
4 -2.6 0.000182510253014454 0.000633510127535461
4 -2.4 0.000210084070467075 0.000620188014481449
4 -2.2 0.000238856732854449 0.000605580624713632
4 -2 0.000268481454451331 0.000589905065922913
4 -1.8 0.000298506558871121 0.000573458890536396
4 -1.6 0.000328373605079977 0.000556621716365586
4 -1.4 0.00035742398075544 0.00053985033731326
4 -1.2 0.00038491611170826 0.000523665807504455
4 -1 0.000410054564855425 0.000508631686350033
4 -0.8 0.000432030828254267 0.000495323765470643
4 -0.6 0.000450073550136749 0.000484293054262255
4 -0.4 0.000463503838319427 0.000476025330943488
4 -0.2 0.000471789377889641 0.000470901809337798
4 0 0.000474590200219143 0.000469166043139782
4 0.2 0.000471789377889641 0.0004709018093378
4 0.4 0.000463503838319427 0.000476025330943488
4 0.6 0.000450073550136749 0.000484293054262255
4 0.8 0.000432030828254267 0.000495323765470643
4 1 0.000410054564855425 0.000508631686350033
4 1.2 0.00038491611170826 0.000523665807504456
4 1.4 0.00035742398075544 0.000539850337313259
4 1.6 0.000328373605079977 0.000556621716365586
4 1.8 0.000298506558871121 0.000573458890536396
4 2 0.000268481454451331 0.000589905065922913
4 2.2 0.000238856732854449 0.000605580624713633
4 2.4 0.000210084070467075 0.000620188014481448
4 2.6 0.000182510253014454 0.000633510127535461
4 2.8 0.000156385066542461 0.000645403975953364
4 3 0.000131872876241941 0.000655791431261071
4 3.2 0.000109065936955257 0.00066464855281017
4 3.4 8.79979549843315e-05 0.000671994685703222
4 3.6 6.86568932030151e-05 0.000677882151393078
4 3.8 5.09964188758975e-05 0.00068238703450786
4 4 3.49457104241935e-05 0.000684304558211905
