x y displacement_x displacement_y
-980000 -980000 -32.2330388862529 1e-12
-980000 -940000 -32.0418082135835 1e-12
-980000 -900000 -31.8536609513658 1e-12
-980000 -860000 -31.6689201410595 1e-12
-980000 -820000 -31.4879312180696 1e-12
-980000 -780000 -31.311062431722 1e-12
-980000 -740000 -31.1387049788066 1e-12
-980000 -700000 -30.9712727763255 1e-12
-980000 -660000 -30.8092017914006 1e-12
-980000 -620000 -30.6529488405722 1e-12
-980000 -580000 -30.5029897681812 1e-12
-980000 -540000 -30.3598169156062 1e-12
-980000 -500000 -30.2239358014322 1e-12
-980000 -460000 -30.0958609487659 1e-12
-980000 -420000 -29.9761108213065 1e-12
-980000 -380000 -29.8652018653655 1e-12
-980000 -340000 -29.7636417008964 1e-12
-980000 -300000 -29.6719215596428 1e-12
-980000 -260000 -29.5905081301096 1e-12
-980000 -220000 -29.5198350329115 1e-12
-980000 -180000 -29.4602942102538 1e-12
-980000 -140000 -29.4122275628313 1e-12
-980000 -100000 -29.3759191989071 1e-12
-980000 -60000 -29.3515886671855 1e-12
-980000 -20000 -29.3393855227807 1e-12
-980000 20000 29.3393855227807 1e-12
-980000 60000 29.3515886671855 1e-12
-980000 100000 29.3759191989071 1e-12
-980000 140000 29.4122275628313 1e-12
-980000 180000 29.4602942102538 1e-12
-980000 220000 29.5198350329115 1e-12
-980000 260000 29.5905081301096 1e-12
-980000 300000 29.6719215596428 1e-12
-980000 340000 29.7636417008964 1e-12
-980000 380000 29.8652018653655 1e-12
-980000 420000 29.9761108213065 1e-12
-980000 460000 30.0958609487659 1e-12
-980000 500000 30.2239358014322 1e-12
-980000 540000 30.3598169156062 1e-12
-980000 580000 30.5029897681812 1e-12
-980000 620000 30.6529488405722 1e-12
-980000 660000 30.8092017914006 1e-12
-980000 700000 30.9712727763255 1e-12
-980000 740000 31.1387049788066 1e-12
-980000 780000 31.311062431722 1e-12
-980000 820000 31.4879312180696 1e-12
-980000 860000 31.6689201410595 1e-12
-980000 900000 31.8536609513658 1e-12
-980000 940000 32.0418082135835 1e-12
-980000 980000 32.2330388862529 1e-12
-940000 -980000 -31.7665227051187 1e-12
-940000 -940000 -31.5683687607779 1e-12
-940000 -900000 -31.373176558508 1e-12
-940000 -860000 -31.1812809832628 1e-12
-940000 -820000 -30.993042122145 1e-12
-940000 -780000 -30.8088460211988 1e-12
-940000 -740000 -30.6291051577534 1e-12
-940000 -700000 -30.4542585409672 1e-12
-940000 -660000 -30.2847713415019 1e-12
-940000 -620000 -30.121133941148 1e-12
-940000 -580000 -29.9638602862234 1e-12
-940000 -540000 -29.813485426573 1e-12
-940000 -500000 -29.6705621272006 1e-12
-940000 -460000 -29.5356564543861 1e-12
-940000 -420000 -29.409342264894 1e-12
-940000 -380000 -29.2921945674413 1e-12
-940000 -340000 -29.184781780871 1e-12
-940000 -300000 -29.0876569828192 1e-12
-940000 -260000 -29.0013483233097 1e-12
-940000 -220000 -28.9263488643837 1e-12
-940000 -180000 -28.8631061917464 1e-12
-940000 -140000 -28.8120122175742 1e-12
-940000 -100000 -28.7733936441749 1e-12
-940000 -60000 -28.7475035759173 1e-12
-940000 -20000 -28.7345147441929 1e-12
-940000 20000 28.7345147441929 1e-12
-940000 60000 28.7475035759173 1e-12
-940000 100000 28.7733936441749 1e-12
-940000 140000 28.8120122175742 1e-12
-940000 180000 28.8631061917464 1e-12
-940000 220000 28.9263488643837 1e-12
-940000 260000 29.0013483233097 1e-12
-940000 300000 29.0876569828192 1e-12
-940000 340000 29.184781780871 1e-12
-940000 380000 29.2921945674413 1e-12
-940000 420000 29.409342264894 1e-12
-940000 460000 29.5356564543861 1e-12
-940000 500000 29.6705621272006 1e-12
-940000 540000 29.813485426573 1e-12
-940000 580000 29.9638602862234 1e-12
-940000 620000 30.121133941148 1e-12
-940000 660000 30.2847713415019 1e-12
-940000 700000 30.4542585409672 1e-12
-940000 740000 30.6291051577534 1e-12
-940000 780000 30.8088460211988 1e-12
-940000 820000 30.993042122145 1e-12
-940000 860000 31.1812809832628 1e-12
-940000 900000 31.373176558508 1e-12
-940000 940000 31.5683687607779 1e-12
-940000 980000 31.7665227051187 1e-12
-900000 -980000 -31.2973592873597 1e-12
-900000 -940000 -31.0919716092445 1e-12
-900000 -900000 -30.8893997447381 1e-12
-900000 -860000 -30.6899894456692 1e-12
-900000 -820000 -30.4941146815316 1e-12
-900000 -780000 -30.3021788081745 1e-12
-900000 -740000 -30.1146154663677 1e-12
-900000 -700000 -29.9318891094702 1e-12
-900000 -660000 -29.7544950425591 1e-12
-900000 -620000 -29.5829588393803 1e-12
-900000 -580000 -29.4178349901353 1e-12
-900000 -540000 -29.2597046248112 1e-12
-900000 -500000 -29.1091721564258 1e-12
-900000 -460000 -28.9668606996694 1e-12
-900000 -420000 -28.8334061465765 1e-12
-900000 -380000 -28.7094498254007 1e-12
-900000 -340000 -28.5956297340988 1e-12
-900000 -300000 -28.4925704261625 1e-12
-900000 -260000 -28.4008717314879 1e-12
-900000 -220000 -28.3210966123839 1e-12
-900000 -180000 -28.2537585744569 1e-12
-900000 -140000 -28.1993091600848 1e-12
-900000 -100000 -28.1581261323848 1e-12
-900000 -60000 -28.130502994046 1e-12
-900000 -20000 -28.1166404655928 1e-12
-900000 20000 28.1166404655928 1e-12
-900000 60000 28.130502994046 1e-12
-900000 100000 28.1581261323848 1e-12
-900000 140000 28.1993091600848 1e-12
-900000 180000 28.2537585744569 1e-12
-900000 220000 28.3210966123839 1e-12
-900000 260000 28.4008717314879 1e-12
-900000 300000 28.4925704261625 1e-12
-900000 340000 28.5956297340988 1e-12
-900000 380000 28.7094498254007 1e-12
-900000 420000 28.8334061465765 1e-12
-900000 460000 28.9668606996694 1e-12
-900000 500000 29.1091721564258 1e-12
-900000 540000 29.2597046248112 1e-12
-900000 580000 29.4178349901353 1e-12
-900000 620000 29.5829588393803 1e-12
-900000 660000 29.7544950425591 1e-12
-900000 700000 29.9318891094702 1e-12
-900000 740000 30.1146154663677 1e-12
-900000 780000 30.3021788081745 1e-12
-900000 820000 30.4941146815316 1e-12
-900000 860000 30.6899894456692 1e-12
-900000 900000 30.8893997447381 1e-12
-900000 940000 31.0919716092445 1e-12
-900000 980000 31.2973592873597 1e-12
-860000 -980000 -30.8257031783068 1e-12
-860000 -940000 -30.6127631244666 1e-12
-860000 -900000 -30.4024660735613 1e-12
-860000 -860000 -30.1951672782913 1e-12
-860000 -820000 -29.991253407842 1e-12
-860000 -780000 -29.791144212521 1e-12
-860000 -740000 -29.5952939492403 1e-12
-860000 -700000 -29.4041924540861 1e-12
-860000 -660000 -29.2183657249681 1e-12
-860000 -620000 -29.0383758536967 1e-12
-860000 -580000 -28.8648201247749 1e-12
-860000 -540000 -28.6983290805794 1e-12
-860000 -500000 -28.5395633432579 1e-12
-860000 -460000 -28.3892089873503 1e-12
-860000 -420000 -28.2479712792537 1e-12
-860000 -380000 -28.116566645694 1e-12
-860000 -340000 -27.9957128079924 1e-12
-860000 -300000 -27.8861171245621 1e-12
-860000 -260000 -27.7884633194308 1e-12
-860000 -220000 -27.7033969330155 1e-12
-860000 -180000 -27.6315099998971 1e-12
-860000 -140000 -27.5733256176802 1e-12
-860000 -100000 -27.5292831973278 1e-12
-860000 -60000 -27.4997252537005 1e-12
-860000 -20000 -27.4848865844554 1e-12
-860000 20000 27.4848865844554 1e-12
-860000 60000 27.4997252537005 1e-12
-860000 100000 27.5292831973278 1e-12
-860000 140000 27.5733256176802 1e-12
-860000 180000 27.6315099998971 1e-12
-860000 220000 27.7033969330155 1e-12
-860000 260000 27.7884633194308 1e-12
-860000 300000 27.8861171245621 1e-12
-860000 340000 27.9957128079924 1e-12
-860000 380000 28.116566645694 1e-12
-860000 420000 28.2479712792537 1e-12
-860000 460000 28.3892089873503 1e-12
-860000 500000 28.5395633432579 1e-12
-860000 540000 28.6983290805794 1e-12
-860000 580000 28.8648201247749 1e-12
-860000 620000 29.0383758536967 1e-12
-860000 660000 29.2183657249681 1e-12
-860000 700000 29.4041924540861 1e-12
-860000 740000 29.5952939492403 1e-12
-860000 780000 29.791144212521 1e-12
-860000 820000 29.991253407842 1e-12
-860000 860000 30.1951672782913 1e-12
-860000 900000 30.4024660735613 1e-12
-860000 940000 30.6127631244666 1e-12
-860000 980000 30.8257031783068 1e-12
-820000 -980000 -30.3517343344479 1e-12
-820000 -940000 -30.1309165728712 1e-12
-820000 -900000 -29.9125393868175 1e-12
-820000 -860000 -29.6969657061483 1e-12
-820000 -820000 -29.4845932198116 1e-12
-820000 -780000 -29.2758566281794 1e-12
-820000 -740000 -29.0712297089164 1e-12
-820000 -700000 -28.8712270713718 1e-12
-820000 -660000 -28.6764054436401 1e-12
-820000 -620000 -28.487364303191 1e-12
-820000 -580000 -28.3047456283453 1e-12
-820000 -540000 -28.1292325171285 1e-12
-820000 -500000 -27.9615463968806 1e-12
-820000 -460000 -27.8024425387502 1e-12
-820000 -420000 -27.6527036036086 1e-12
-820000 -380000 -27.5131309886086 1e-12
-820000 -340000 -27.3845338248977 1e-12
-820000 -300000 -27.2677156030132 1e-12
-820000 -260000 -27.1634585746943 1e-12
-820000 -220000 -27.0725062922841 1e-12
-820000 -180000 -26.995544883838 1e-12
-820000 -140000 -26.9331838972144 1e-12
-820000 -100000 -26.8859377446259 1e-12
-820000 -60000 -26.8542089012585 1e-12
-820000 -20000 -26.8382740225192 1e-12
-820000 20000 26.8382740225192 1e-12
-820000 60000 26.8542089012585 1e-12
-820000 100000 26.8859377446259 1e-12
-820000 140000 26.9331838972144 1e-12
-820000 180000 26.995544883838 1e-12
-820000 220000 27.0725062922841 1e-12
-820000 260000 27.1634585746943 1e-12
-820000 300000 27.2677156030132 1e-12
-820000 340000 27.3845338248977 1e-12
-820000 380000 27.5131309886086 1e-12
-820000 420000 27.6527036036086 1e-12
-820000 460000 27.8024425387502 1e-12
-820000 500000 27.9615463968806 1e-12
-820000 540000 28.1292325171285 1e-12
-820000 580000 28.3047456283453 1e-12
-820000 620000 28.487364303191 1e-12
-820000 660000 28.6764054436401 1e-12
-820000 700000 28.8712270713718 1e-12
-820000 740000 29.0712297089164 1e-12
-820000 780000 29.2758566281794 1e-12
-820000 820000 29.4845932198116 1e-12
-820000 860000 29.6969657061483 1e-12
-820000 900000 29.9125393868175 1e-12
-820000 940000 30.1309165728712 1e-12
-820000 980000 30.3517343344479 1e-12
-780000 -980000 -29.8756604361639 1e-12
-780000 -940000 -29.6466348490509 1e-12
-780000 -900000 -29.4198149902213 1e-12
-780000 -860000 -29.1955691132873 1e-12
-780000 -820000 -28.9743036584569 1e-12
-780000 -780000 -28.7564661895638 1e-12
-780000 -740000 -28.5425482247295 1e-12
-780000 -700000 -28.3330878280044 1e-12
-780000 -660000 -28.1286717898455 1e-12
-780000 -620000 -27.9299371794584 1e-12
-780000 -580000 -27.7375720036456 1e-12
-780000 -540000 -27.5523146582297 1e-12
-780000 -500000 -27.3749518148298 1e-12
-780000 -460000 -27.2063143557439 1e-12
-780000 -420000 -27.0472709635783 1e-12
-780000 -380000 -26.8987190029666 1e-12
-780000 -340000 -26.761572413111 1e-12
-780000 -300000 -26.6367464743191 1e-12
-780000 -260000 -26.5251395263284 1e-12
-780000 -220000 -26.4276119981836 1e-12
-780000 -180000 -26.3449634413676 1e-12
-780000 -140000 -26.2779086048652 1e-12
-780000 -100000 -26.2270539014163 1e-12
-780000 -60000 -26.1928758268819 1e-12
-780000 -20000 -26.1757029503061 1e-12
-780000 20000 26.1757029503061 1e-12
-780000 60000 26.1928758268819 1e-12
-780000 100000 26.2270539014163 1e-12
-780000 140000 26.2779086048652 1e-12
-780000 180000 26.3449634413676 1e-12
-780000 220000 26.4276119981836 1e-12
-780000 260000 26.5251395263284 1e-12
-780000 300000 26.6367464743191 1e-12
-780000 340000 26.761572413111 1e-12
-780000 380000 26.8987190029666 1e-12
-780000 420000 27.0472709635783 1e-12
-780000 460000 27.2063143557439 1e-12
-780000 500000 27.3749518148298 1e-12
-780000 540000 27.5523146582297 1e-12
-780000 580000 27.7375720036456 1e-12
-780000 620000 27.9299371794584 1e-12
-780000 660000 28.1286717898455 1e-12
-780000 700000 28.3330878280044 1e-12
-780000 740000 28.5425482247295 1e-12
-780000 780000 28.7564661895638 1e-12
-780000 820000 28.9743036584569 1e-12
-780000 860000 29.1955691132873 1e-12
-780000 900000 29.4198149902213 1e-12
-780000 940000 29.6466348490509 1e-12
-780000 980000 29.8756604361639 1e-12
-740000 -980000 -29.3977192113553 1e-12
-740000 -940000 -29.1601532687758 1e-12
-740000 -900000 -28.9245229762259 1e-12
-740000 -860000 -28.6911989550491 1e-12
-740000 -820000 -28.4605934433226 1e-12
-740000 -780000 -28.2331640157416 1e-12
-740000 -740000 -28.0094173107063 1e-12
-740000 -700000 -27.7899126304356 1e-12
-740000 -660000 -27.575265231196 1e-12
-740000 -620000 -27.366149062625 1e-12
-740000 -580000 -27.1632986486918 1e-12
-740000 -540000 -26.9675097310462 1e-12
-740000 -500000 -26.7796382241274 1e-12
-740000 -460000 -26.6005969698968 1e-12
-740000 -420000 -26.4313497423218 1e-12
-740000 -380000 -26.272901956173 1e-12
-740000 -340000 -26.1262876031903 1e-12
-740000 -300000 -25.9925520936111 1e-12
-740000 -260000 -25.8727309400696 1e-12
-740000 -220000 -25.7678245892517 1e-12
-740000 -180000 -25.6787701686069 1e-12
-740000 -140000 -25.6064114267676 1e-12
-740000 -100000 -25.5514686328946 1e-12
-740000 -60000 -25.5145105653034 1e-12
-740000 -20000 -25.4959308633856 1e-12
-740000 20000 25.4959308633856 1e-12
-740000 60000 25.5145105653034 1e-12
-740000 100000 25.5514686328946 1e-12
-740000 140000 25.6064114267676 1e-12
-740000 180000 25.6787701686069 1e-12
-740000 220000 25.7678245892517 1e-12
-740000 260000 25.8727309400696 1e-12
-740000 300000 25.9925520936111 1e-12
-740000 340000 26.1262876031903 1e-12
-740000 380000 26.272901956173 1e-12
-740000 420000 26.4313497423218 1e-12
-740000 460000 26.6005969698968 1e-12
-740000 500000 26.7796382241274 1e-12
-740000 540000 26.9675097310462 1e-12
-740000 580000 27.1632986486918 1e-12
-740000 620000 27.366149062625 1e-12
-740000 660000 27.575265231196 1e-12
-740000 700000 27.7899126304356 1e-12
-740000 740000 28.0094173107063 1e-12
-740000 780000 28.2331640157416 1e-12
-740000 820000 28.4605934433226 1e-12
-740000 860000 28.6911989550491 1e-12
-740000 900000 28.9245229762259 1e-12
-740000 940000 29.1601532687758 1e-12
-740000 980000 29.3977192113553 1e-12
-700000 -980000 -28.9181807110484 1e-12
-700000 -940000 -28.6717423668776 1e-12
-700000 -900000 -28.4269316239969 1e-12
-700000 -860000 -28.1841178430683 1e-12
-700000 -820000 -27.9437153246124 1e-12
-700000 -780000 -27.7061879049956 1e-12
-700000 -740000 -27.472053712564 1e-12
-700000 -700000 -27.2418899575463 1e-12
-700000 -660000 -27.016337571615 1e-12
-700000 -620000 -26.7961054406781 1e-12
-700000 -580000 -26.5819738871654 1e-12
-700000 -540000 -26.3747969574533 1e-12
-700000 -500000 -26.1755029612689 1e-12
-700000 -460000 -25.9850926030739 1e-12
-700000 -420000 -25.8046339574857 1e-12
-700000 -380000 -25.6352534966263 1e-12
-700000 -340000 -25.4781224096045 1e-12
-700000 -300000 -25.3344376008407 1e-12
-700000 -260000 -25.2053970505634 1e-12
-700000 -220000 -25.092169690062 1e-12
-700000 -180000 -24.9958605798825 1e-12
-700000 -140000 -24.9174729302906 1e-12
-700000 -100000 -24.8578692657702 1e-12
-700000 -60000 -24.8177346578525 1e-12
-700000 -20000 -24.797545262958 1e-12
-700000 20000 24.797545262958 1e-12
-700000 60000 24.8177346578525 1e-12
-700000 100000 24.8578692657702 1e-12
-700000 140000 24.9174729302906 1e-12
-700000 180000 24.9958605798825 1e-12
-700000 220000 25.092169690062 1e-12
-700000 260000 25.2053970505634 1e-12
-700000 300000 25.3344376008407 1e-12
-700000 340000 25.4781224096045 1e-12
-700000 380000 25.6352534966263 1e-12
-700000 420000 25.8046339574857 1e-12
-700000 460000 25.9850926030739 1e-12
-700000 500000 26.1755029612689 1e-12
-700000 540000 26.3747969574533 1e-12
-700000 580000 26.5819738871654 1e-12
-700000 620000 26.7961054406781 1e-12
-700000 660000 27.016337571615 1e-12
-700000 700000 27.2418899575463 1e-12
-700000 740000 27.472053712564 1e-12
-700000 780000 27.7061879049956 1e-12
-700000 820000 27.9437153246124 1e-12
-700000 860000 28.1841178430683 1e-12
-700000 900000 28.4269316239969 1e-12
-700000 940000 28.6717423668776 1e-12
-700000 980000 28.9181807110484 1e-12
-660000 -980000 -28.4373494625165 1e-12
-660000 -940000 -28.1817106198035 1e-12
-660000 -900000 -27.9273507929093 1e-12
-660000 -860000 -27.6746337199207 1e-12
-660000 -820000 -27.4239711545037 1e-12
-660000 -780000 -27.1758284178628 1e-12
-660000 -740000 -26.930730308113 1e-12
-660000 -700000 -26.6892672616206 1e-12
-660000 -660000 -26.452101595768 1e-12
-660000 -620000 -26.2199735766424 1e-12
-660000 -580000 -25.9937069454934 1e-12
-660000 -540000 -25.7742134035371 1e-12
-660000 -500000 -25.5624953985729 1e-12
-660000 -460000 -25.3596463880268 1e-12
-660000 -420000 -25.1668475900086 1e-12
-660000 -380000 -24.9853601080643 1e-12
-660000 -340000 -24.8165112726284 1e-12
-660000 -300000 -24.6616741423924 1e-12
-660000 -260000 -24.5222394178012 1e-12
-660000 -220000 -24.3995795925369 1e-12
-660000 -180000 -24.2950060271798 1e-12
-660000 -140000 -24.209720725261 1e-12
-660000 -100000 -24.1447657861744 1e-12
-660000 -60000 -24.1009745678961 1e-12
-660000 -20000 -24.0789292245828 1e-12
-660000 20000 24.0789292245828 1e-12
-660000 60000 24.1009745678961 1e-12
-660000 100000 24.1447657861744 1e-12
-660000 140000 24.209720725261 1e-12
-660000 180000 24.2950060271798 1e-12
-660000 220000 24.3995795925369 1e-12
-660000 260000 24.5222394178012 1e-12
-660000 300000 24.6616741423924 1e-12
-660000 340000 24.8165112726284 1e-12
-660000 380000 24.9853601080643 1e-12
-660000 420000 25.1668475900086 1e-12
-660000 460000 25.3596463880268 1e-12
-660000 500000 25.5624953985729 1e-12
-660000 540000 25.7742134035371 1e-12
-660000 580000 25.9937069454934 1e-12
-660000 620000 26.2199735766424 1e-12
-660000 660000 26.452101595768 1e-12
-660000 700000 26.6892672616206 1e-12
-660000 740000 26.930730308113 1e-12
-660000 780000 27.1758284178628 1e-12
-660000 820000 27.4239711545037 1e-12
-660000 860000 27.6746337199207 1e-12
-660000 900000 27.9273507929093 1e-12
-660000 940000 28.1817106198035 1e-12
-660000 980000 28.4373494625165 1e-12
-620000 -980000 -27.9555664087054 1e-12
-620000 -940000 -27.6904069910614 1e-12
-620000 -900000 -27.4261351988164 1e-12
-620000 -860000 -27.163104006963 1e-12
-620000 -820000 -26.9017170611189 1e-12
-620000 -780000 -26.6424352408618 1e-12
-620000 -740000 -26.3857838248948 1e-12
-620000 -700000 -26.1323601908716 1e-12
-620000 -660000 -25.8828419138737 1e-12
-620000 -620000 -25.6379950309418 1e-12
-620000 -580000 -25.3986821083209 1e-12
-620000 -540000 -25.1658695777875 1e-12
-620000 -500000 -24.9406335964787 1e-12
-620000 -460000 -24.724163435771 1e-12
-620000 -420000 -24.5177611357503 1e-12
-620000 -380000 -24.3228359079645 1e-12
-620000 -340000 -24.1408915906525 1e-12
-620000 -300000 -23.9735054460109 1e-12
-620000 -260000 -23.8222968501675 1e-12
-620000 -220000 -23.688885079 1e-12
-620000 -180000 -23.5748365162599 1e-12
-620000 -140000 -23.4816031899318 1e-12
-620000 -100000 -23.410456408989 1e-12
-620000 -60000 -23.3624210719415 1e-12
-620000 -20000 -23.33821745454 1e-12
-620000 20000 23.33821745454 1e-12
-620000 60000 23.3624210719415 1e-12
-620000 100000 23.410456408989 1e-12
-620000 140000 23.4816031899318 1e-12
-620000 180000 23.5748365162599 1e-12
-620000 220000 23.688885079 1e-12
-620000 260000 23.8222968501675 1e-12
-620000 300000 23.9735054460109 1e-12
-620000 340000 24.1408915906525 1e-12
-620000 380000 24.3228359079645 1e-12
-620000 420000 24.5177611357503 1e-12
-620000 460000 24.724163435771 1e-12
-620000 500000 24.9406335964787 1e-12
-620000 540000 25.1658695777875 1e-12
-620000 580000 25.3986821083209 1e-12
-620000 620000 25.6379950309418 1e-12
-620000 660000 25.8828419138737 1e-12
-620000 700000 26.1323601908716 1e-12
-620000 740000 26.3857838248948 1e-12
-620000 780000 26.6424352408618 1e-12
-620000 820000 26.9017170611189 1e-12
-620000 860000 27.163104006963 1e-12
-620000 900000 27.4261351988164 1e-12
-620000 940000 27.6904069910614 1e-12
-620000 980000 27.9555664087054 1e-12
-580000 -980000 -27.4732105256252 1e-12
-580000 -940000 -27.1982231747061 1e-12
-580000 -900000 -26.9236874320156 1e-12
-580000 -860000 -26.6499395700422 1e-12
-580000 -820000 -26.3773685601476 1e-12
-580000 -780000 -26.106423664516 1e-12
-580000 -740000 -25.8376229207147 1e-12
-580000 -700000 -25.5715625113956 1e-12
-580000 -660000 -25.3089269453626 1e-12
-580000 -620000 -25.0504998756172 1e-12
-580000 -580000 -24.7971752338924 1e-12
-580000 -540000 -24.5499681576052 1e-12
-580000 -500000 -24.3100249134808 1e-12
-580000 -460000 -24.078630677544 1e-12
-580000 -420000 -23.857213622051 1e-12
-580000 -380000 -23.6473433186261 1e-12
-580000 -340000 -23.4507210634611 1e-12
-580000 -300000 -23.2691594859338 1e-12
-580000 -260000 -23.1045488929814 1e-12
-580000 -220000 -22.9588084432566 1e-12
-580000 -180000 -22.8338216370749 1e-12
-580000 -140000 -22.7313578342219 1e-12
-580000 -100000 -22.6529844098551 1e-12
-580000 -60000 -22.599977218372 1e-12
-580000 -20000 -22.5732394137194 1e-12
-580000 20000 22.5732394137194 1e-12
-580000 60000 22.599977218372 1e-12
-580000 100000 22.6529844098551 1e-12
-580000 140000 22.7313578342219 1e-12
-580000 180000 22.8338216370749 1e-12
-580000 220000 22.9588084432566 1e-12
-580000 260000 23.1045488929814 1e-12
-580000 300000 23.2691594859338 1e-12
-580000 340000 23.4507210634611 1e-12
-580000 380000 23.6473433186261 1e-12
-580000 420000 23.857213622051 1e-12
-580000 460000 24.078630677544 1e-12
-580000 500000 24.3100249134808 1e-12
-580000 540000 24.5499681576052 1e-12
-580000 580000 24.7971752338924 1e-12
-580000 620000 25.0504998756172 1e-12
-580000 660000 25.3089269453626 1e-12
-580000 700000 25.5715625113956 1e-12
-580000 740000 25.8376229207147 1e-12
-580000 780000 26.106423664516 1e-12
-580000 820000 26.3773685601476 1e-12
-580000 860000 26.6499395700422 1e-12
-580000 900000 26.9236874320156 1e-12
-580000 940000 27.1982231747061 1e-12
-580000 980000 27.4732105256252 1e-12
-540000 -980000 -26.9906999930613 1e-12
-540000 -940000 -26.7055953887577 1e-12
-540000 -900000 -26.4204605436771 1e-12
-540000 -860000 -26.1356083045197 1e-12
-540000 -820000 -25.85140538257 1e-12
-540000 -780000 -25.5682809374943 1e-12
-540000 -740000 -25.2867363846711 1e-12
-540000 -700000 -25.0073565028755 1e-12
-540000 -660000 -24.7308218647772 1e-12
-540000 -620000 -24.4579225193744 1e-12
-540000 -580000 -24.1895727063994 1e-12
-540000 -540000 -23.9268261571428 1e-12
-540000 -500000 -23.6708912107708 1e-12
-540000 -460000 -23.4231445284409 1e-12
-540000 -420000 -23.185141608301 1e-12
-540000 -380000 -22.9586216079872 1e-12
-540000 -340000 -22.7455032330869 1e-12
-540000 -300000 -22.5478677967444 1e-12
-540000 -260000 -22.3679252524802 1e-12
-540000 -220000 -22.2079594166076 1e-12
-540000 -180000 -22.0702501502339 1e-12
-540000 -140000 -21.9569732854968 1e-12
-540000 -100000 -21.8700835215176 1e-12
-540000 -60000 -21.8111907142268 1e-12
-540000 -20000 -21.7814445351025 1e-12
-540000 20000 21.7814445351025 1e-12
-540000 60000 21.8111907142268 1e-12
-540000 100000 21.8700835215176 1e-12
-540000 140000 21.9569732854968 1e-12
-540000 180000 22.0702501502339 1e-12
-540000 220000 22.2079594166076 1e-12
-540000 260000 22.3679252524802 1e-12
-540000 300000 22.5478677967444 1e-12
-540000 340000 22.7455032330869 1e-12
-540000 380000 22.9586216079872 1e-12
-540000 420000 23.185141608301 1e-12
-540000 460000 23.4231445284409 1e-12
-540000 500000 23.6708912107708 1e-12
-540000 540000 23.9268261571428 1e-12
-540000 580000 24.1895727063994 1e-12
-540000 620000 24.4579225193744 1e-12
-540000 660000 24.7308218647772 1e-12
-540000 700000 25.0073565028755 1e-12
-540000 740000 25.2867363846711 1e-12
-540000 780000 25.5682809374943 1e-12
-540000 820000 25.85140538257 1e-12
-540000 860000 26.1356083045197 1e-12
-540000 900000 26.4204605436771 1e-12
-540000 940000 26.7055953887577 1e-12
-540000 980000 26.9906999930613 1e-12
-500000 -980000 -26.5084927801292 1e-12
-500000 -940000 -26.2130055489709 1e-12
-500000 -900000 -25.9169599957247 1e-12
-500000 -860000 -25.6206380957351 1e-12
-500000 -820000 -25.3243757343582 1e-12
-500000 -780000 -25.0285721749272 1e-12
-500000 -740000 -24.7337011077533 1e-12
-500000 -700000 -24.4403234669506 1e-12
-500000 -660000 -24.1491021720701 1e-12
-500000 -620000 -23.8608188822193 1e-12
-500000 -580000 -23.5763927192344 1e-12
-500000 -540000 -23.2969006928154 1e-12
-500000 -500000 -23.0235992044663 1e-12
-500000 -460000 -22.7579454717523 1e-12
-500000 -420000 -22.5016169538843 1e-12
-500000 -380000 -22.2565258477922 1e-12
-500000 -340000 -22.0248244896394 1e-12
-500000 -300000 -21.808896180881 1e-12
-500000 -260000 -21.6113248852267 1e-12
-500000 -220000 -21.4348369825163 1e-12
-500000 -180000 -21.2822096142107 1e-12
-500000 -140000 -21.1561439415151 1e-12
-500000 -100000 -21.0591082641177 1e-12
-500000 -60000 -20.9931647378823 1e-12
-500000 -20000 -20.9598021320202 1e-12
-500000 20000 20.9598021320202 1e-12
-500000 60000 20.9931647378823 1e-12
-500000 100000 21.0591082641177 1e-12
-500000 140000 21.1561439415151 1e-12
-500000 180000 21.2822096142107 1e-12
-500000 220000 21.4348369825163 1e-12
-500000 260000 21.6113248852267 1e-12
-500000 300000 21.808896180881 1e-12
-500000 340000 22.0248244896394 1e-12
-500000 380000 22.2565258477922 1e-12
-500000 420000 22.5016169538843 1e-12
-500000 460000 22.7579454717523 1e-12
-500000 500000 23.0235992044663 1e-12
-500000 540000 23.2969006928154 1e-12
-500000 580000 23.5763927192344 1e-12
-500000 620000 23.8608188822193 1e-12
-500000 660000 24.1491021720701 1e-12
-500000 700000 24.4403234669506 1e-12
-500000 740000 24.7337011077533 1e-12
-500000 780000 25.0285721749272 1e-12
-500000 820000 25.3243757343582 1e-12
-500000 860000 25.6206380957351 1e-12
-500000 900000 25.9169599957247 1e-12
-500000 940000 26.2130055489709 1e-12
-500000 980000 26.5084927801292 1e-12
-460000 -980000 -26.0270864979405 1e-12
-460000 -940000 -25.7209816363331 1e-12
-460000 -900000 -25.4137447409933 1e-12
-460000 -860000 -25.1056188673972 1e-12
-460000 -820000 -24.7968996394572 1e-12
-460000 -780000 -24.4879454069467 1e-12
-460000 -740000 -24.1791893455131 1e-12
-460000 -700000 -23.8711538192619 1e-12
-460000 -660000 -23.5644673357906 1e-12
-460000 -620000 -23.259884400266 1e-12
-460000 -580000 -22.9583084926096 1e-12
-460000 -540000 -22.6608182102443 1e-12
-460000 -500000 -22.3686962801591 1e-12
-460000 -460000 -22.0834605689794 1e-12
-460000 -420000 -21.8068953099179 1e-12
-460000 -380000 -21.5410794187225 1e-12
-460000 -340000 -21.2884069225322 1e-12
-460000 -300000 -21.0515922342151 1e-12
-460000 -260000 -20.8336505933375 1e-12
-460000 -220000 -20.6378422335908 1e-12
-460000 -180000 -20.4675690746836 1e-12
-460000 -140000 -20.3262167725995 1e-12
-460000 -100000 -20.2169443508992 1e-12
-460000 -60000 -20.1424382999053 1e-12
-460000 -20000 -20.1046646872363 1e-12
-460000 20000 20.1046646872363 1e-12
-460000 60000 20.1424382999053 1e-12
-460000 100000 20.2169443508992 1e-12
-460000 140000 20.3262167725995 1e-12
-460000 180000 20.4675690746836 1e-12
-460000 220000 20.6378422335908 1e-12
-460000 260000 20.8336505933375 1e-12
-460000 300000 21.0515922342151 1e-12
-460000 340000 21.2884069225322 1e-12
-460000 380000 21.5410794187225 1e-12
-460000 420000 21.8068953099179 1e-12
-460000 460000 22.0834605689794 1e-12
-460000 500000 22.3686962801591 1e-12
-460000 540000 22.6608182102443 1e-12
-460000 580000 22.9583084926096 1e-12
-460000 620000 23.259884400266 1e-12
-460000 660000 23.5644673357906 1e-12
-460000 700000 23.8711538192619 1e-12
-460000 740000 24.1791893455131 1e-12
-460000 780000 24.4879454069467 1e-12
-460000 820000 24.7968996394572 1e-12
-460000 860000 25.1056188673972 1e-12
-460000 900000 25.4137447409933 1e-12
-460000 940000 25.7209816363331 1e-12
-460000 980000 26.0270864979405 1e-12
-420000 -980000 -25.5470173694275 1e-12
-420000 -940000 -25.2300970623877 1e-12
-420000 -900000 -24.9114271802823 1e-12
-420000 -860000 -24.5912033938938 1e-12
-420000 -820000 -24.2696709573201 1e-12
-420000 -780000 -23.9471352605281 1e-12
-420000 -740000 -23.6239746577705 1e-12
-420000 -700000 -23.300656040788 1e-12
-420000 -660000 -22.9777536911522 1e-12
-420000 -620000 -22.6559719942334 1e-12
-420000 -580000 -22.3361726023775 1e-12
-420000 -540000 -22.0194065527034 1e-12
-420000 -500000 -21.7069516030429 1e-12
-420000 -460000 -21.4003545352986 1e-12
-420000 -420000 -21.1014772249584 1e-12
-420000 -380000 -20.8125436720727 1e-12
-420000 -340000 -20.536182692312 1e-12
-420000 -300000 -20.2754574095195 1e-12
-420000 -260000 -20.0338681987703 1e-12
-420000 -220000 -19.8153111049673 1e-12
-420000 -180000 -19.6239709827174 1e-12
-420000 -140000 -19.4641310901683 1e-12
-420000 -100000 -19.3398927915561 1e-12
-420000 -60000 -19.2548227377059 1e-12
-420000 -20000 -19.2115767191477 1e-12
-420000 20000 19.2115767191477 1e-12
-420000 60000 19.2548227377059 1e-12
-420000 100000 19.3398927915561 1e-12
-420000 140000 19.4641310901683 1e-12
-420000 180000 19.6239709827174 1e-12
-420000 220000 19.8153111049673 1e-12
-420000 260000 20.0338681987703 1e-12
-420000 300000 20.2754574095195 1e-12
-420000 340000 20.536182692312 1e-12
-420000 380000 20.8125436720727 1e-12
-420000 420000 21.1014772249584 1e-12
-420000 460000 21.4003545352986 1e-12
-420000 500000 21.7069516030429 1e-12
-420000 540000 22.0194065527034 1e-12
-420000 580000 22.3361726023775 1e-12
-420000 620000 22.6559719942334 1e-12
-420000 660000 22.9777536911522 1e-12
-420000 700000 23.300656040788 1e-12
-420000 740000 23.6239746577705 1e-12
-420000 780000 23.9471352605281 1e-12
-420000 820000 24.2696709573201 1e-12
-420000 860000 24.5912033938938 1e-12
-420000 900000 24.9114271802823 1e-12
-420000 940000 25.2300970623877 1e-12
-420000 980000 25.5470173694275 1e-12
-380000 -980000 -25.0688581738453 1e-12
-380000 -940000 -24.7409688387383 1e-12
-380000 -900000 -24.4106717359647 1e-12
-380000 -860000 -24.0781065303487 1e-12
-380000 -820000 -23.7434576202087 1e-12
-380000 -780000 -23.4069646854972 1e-12
-380000 -740000 -23.0689357753556 1e-12
-380000 -700000 -22.7297635550029 1e-12
-380000 -660000 -22.3899454662342 1e-12
-380000 -620000 -22.0501086999203 1e-12
-380000 -580000 -21.711041014257 1e-12
-380000 -540000 -21.373728520166 1e-12
-380000 -500000 -21.0394015207113 1e-12
-380000 -460000 -20.7095892011701 1e-12
-380000 -420000 -20.3861831955049 1e-12
-380000 -380000 -20.0715084497704 1e-12
-380000 -340000 -19.7683968600415 1e-12
-380000 -300000 -19.4802542790186 1e-12
-380000 -260000 -19.2111041989709 1e-12
-380000 -220000 -18.9655820226614 1e-12
-380000 -180000 -18.7488445301158 1e-12
-380000 -140000 -18.5663554977029 1e-12
-380000 -100000 -18.4235197377907 1e-12
-380000 -60000 -18.3251736147158 1e-12
-380000 -20000 -18.2750002156517 1e-12
-380000 20000 18.2750002156517 1e-12
-380000 60000 18.3251736147158 1e-12
-380000 100000 18.4235197377907 1e-12
-380000 140000 18.5663554977029 1e-12
-380000 180000 18.7488445301158 1e-12
-380000 220000 18.9655820226614 1e-12
-380000 260000 19.2111041989709 1e-12
-380000 300000 19.4802542790186 1e-12
-380000 340000 19.7683968600415 1e-12
-380000 380000 20.0715084497704 1e-12
-380000 420000 20.3861831955049 1e-12
-380000 460000 20.7095892011701 1e-12
-380000 500000 21.0394015207113 1e-12
-380000 540000 21.373728520166 1e-12
-380000 580000 21.711041014257 1e-12
-380000 620000 22.0501086999203 1e-12
-380000 660000 22.3899454662342 1e-12
-380000 700000 22.7297635550029 1e-12
-380000 740000 23.0689357753556 1e-12
-380000 780000 23.4069646854972 1e-12
-380000 820000 23.7434576202087 1e-12
-380000 860000 24.0781065303487 1e-12
-380000 900000 24.4106717359647 1e-12
-380000 940000 24.7409688387383 1e-12
-380000 980000 25.0688581738453 1e-12
-340000 -980000 -24.5932150431665 1e-12
-340000 -940000 -24.2542543748183 1e-12
-340000 -900000 -23.9121917939836 1e-12
-340000 -860000 -23.5671025149766 1e-12
-340000 -820000 -23.2190996154467 1e-12
-340000 -780000 -22.8683440805952 1e-12
-340000 -740000 -22.5150575329527 1e-12
-340000 -700000 -22.1595384005984 1e-12
-340000 -660000 -21.8021824864975 1e-12
-340000 -620000 -21.4435091587857 1e-12
-340000 -580000 -21.0841946839046 1e-12
-340000 -540000 -20.7251145526423 1e-12
-340000 -500000 -20.3673969498914 1e-12
-340000 -460000 -20.0124896710925 1e-12
-340000 -420000 -19.6622425457913 1e-12
-340000 -380000 -19.3190063304212 1e-12
-340000 -340000 -18.9857462803803 1e-12
-340000 -300000 -18.6661629609488 1e-12
-340000 -260000 -18.3648026771419 1e-12
-340000 -220000 -18.0871238079977 1e-12
-340000 -180000 -17.83946409476 1e-12
-340000 -140000 -17.6288343407327 1e-12
-340000 -100000 -17.4624634473178 1e-12
-340000 -60000 -17.3470652608569 1e-12
-340000 -20000 -17.2879074267566 1e-12
-340000 20000 17.2879074267566 1e-12
-340000 60000 17.3470652608569 1e-12
-340000 100000 17.4624634473178 1e-12
-340000 140000 17.6288343407327 1e-12
-340000 180000 17.83946409476 1e-12
-340000 220000 18.0871238079977 1e-12
-340000 260000 18.3648026771419 1e-12
-340000 300000 18.6661629609488 1e-12
-340000 340000 18.9857462803803 1e-12
-340000 380000 19.3190063304212 1e-12
-340000 420000 19.6622425457913 1e-12
-340000 460000 20.0124896710925 1e-12
-340000 500000 20.3673969498914 1e-12
-340000 540000 20.7251145526423 1e-12
-340000 580000 21.0841946839046 1e-12
-340000 620000 21.4435091587857 1e-12
-340000 660000 21.8021824864975 1e-12
-340000 700000 22.1595384005984 1e-12
-340000 740000 22.5150575329527 1e-12
-340000 780000 22.8683440805952 1e-12
-340000 820000 23.2190996154467 1e-12
-340000 860000 23.5671025149766 1e-12
-340000 900000 23.9121917939836 1e-12
-340000 940000 24.2542543748183 1e-12
-340000 980000 24.5932150431665 1e-12
-300000 -980000 -24.1207230215108 1e-12
-300000 -940000 -23.77064676466 1e-12
-300000 -900000 -23.41674480305 1e-12
-300000 -860000 -23.0590200309418 1e-12
-300000 -820000 -22.6975042577513 1e-12
-300000 -780000 -22.3322671684319 1e-12
-300000 -740000 -21.963427949785 1e-12
-300000 -700000 -21.591170425395 1e-12
-300000 -660000 -21.2157628218819 1e-12
-300000 -620000 -20.837583660299 1e-12
-300000 -580000 -20.4571557513041 1e-12
-300000 -540000 -20.0751908895531 1e-12
-300000 -500000 -19.6926485908377 1e-12
-300000 -460000 -19.3108130411614 1e-12
-300000 -420000 -18.9313931526844 1e-12
-300000 -380000 -18.5566508059169 1e-12
-300000 -340000 -18.1895610409777 1e-12
-300000 -300000 -17.8340032577305 1e-12
-300000 -260000 -17.4949710919317 1e-12
-300000 -220000 -17.1787657224229 1e-12
-300000 -180000 -16.8930983415437 1e-12
-300000 -140000 -16.6469748003798 1e-12
-300000 -100000 -16.4501932054493 1e-12
-300000 -60000 -16.3123151185814 1e-12
-300000 -20000 -16.241153476052 1e-12
-300000 20000 16.241153476052 1e-12
-300000 60000 16.3123151185814 1e-12
-300000 100000 16.4501932054493 1e-12
-300000 140000 16.6469748003798 1e-12
-300000 180000 16.8930983415437 1e-12
-300000 220000 17.1787657224229 1e-12
-300000 260000 17.4949710919317 1e-12
-300000 300000 17.8340032577305 1e-12
-300000 340000 18.1895610409777 1e-12
-300000 380000 18.5566508059169 1e-12
-300000 420000 18.9313931526844 1e-12
-300000 460000 19.3108130411614 1e-12
-300000 500000 19.6926485908377 1e-12
-300000 540000 20.0751908895531 1e-12
-300000 580000 20.4571557513041 1e-12
-300000 620000 20.837583660299 1e-12
-300000 660000 21.2157628218819 1e-12
-300000 700000 21.591170425395 1e-12
-300000 740000 21.963427949785 1e-12
-300000 780000 22.3322671684319 1e-12
-300000 820000 22.6975042577513 1e-12
-300000 860000 23.0590200309418 1e-12
-300000 900000 23.41674480305 1e-12
-300000 940000 23.77064676466 1e-12
-300000 980000 24.1207230215108 1e-12
-260000 -980000 -23.6520403478365 1e-12
-260000 -940000 -23.290868481205 1e-12
-260000 -900000 -22.9251253861025 1e-12
-260000 -860000 -22.5547347875492 1e-12
-260000 -820000 -22.1796383703998 1e-12
-260000 -780000 -21.7998030315646 1e-12
-260000 -740000 -21.4152305717753 1e-12
-260000 -700000 -21.02597068967 1e-12
-260000 -660000 -20.6321384701519 1e-12
-260000 -620000 -20.2339380207192 1e-12
-260000 -580000 -19.8316945563967 1e-12
-260000 -540000 -19.4258981350112 1e-12
-260000 -500000 -19.017263482619 1e-12
-260000 -460000 -18.6068120036466 1e-12
-260000 -420000 -18.1959841646646 1e-12
-260000 -380000 -17.7867927991525 1e-12
-260000 -340000 -17.38202979309 1e-12
-260000 -300000 -16.9855381041132 1e-12
-260000 -260000 -16.6025534954871 1e-12
-260000 -220000 -16.2400962298139 1e-12
-260000 -180000 -15.9073362847262 1e-12
-260000 -140000 -15.6157491716667 1e-12
-260000 -100000 -15.378732747284 1e-12
-260000 -60000 -15.2102717346645 1e-12
-260000 -20000 -15.1224639095007 1e-12
-260000 20000 15.1224639095007 1e-12
-260000 60000 15.2102717346645 1e-12
-260000 100000 15.378732747284 1e-12
-260000 140000 15.6157491716667 1e-12
-260000 180000 15.9073362847262 1e-12
-260000 220000 16.2400962298139 1e-12
-260000 260000 16.6025534954871 1e-12
-260000 300000 16.9855381041132 1e-12
-260000 340000 17.38202979309 1e-12
-260000 380000 17.7867927991525 1e-12
-260000 420000 18.1959841646646 1e-12
-260000 460000 18.6068120036466 1e-12
-260000 500000 19.017263482619 1e-12
-260000 540000 19.4258981350112 1e-12
-260000 580000 19.8316945563967 1e-12
-260000 620000 20.2339380207192 1e-12
-260000 660000 20.6321384701519 1e-12
-260000 700000 21.02597068967 1e-12
-260000 740000 21.4152305717753 1e-12
-260000 780000 21.7998030315646 1e-12
-260000 820000 22.1796383703998 1e-12
-260000 860000 22.5547347875492 1e-12
-260000 900000 22.9251253861025 1e-12
-260000 940000 23.290868481205 1e-12
-260000 980000 23.6520403478365 1e-12
-220000 -980000 -23.1878414857154 1e-12
-220000 -940000 -22.8156634758149 1e-12
-220000 -900000 -22.4381564164 1e-12
-220000 -860000 -22.0551594981379 1e-12
-220000 -820000 -21.6665171319042 1e-12
-220000 -780000 -21.2720838760362 1e-12
-220000 -740000 -20.8717313461598 1e-12
-220000 -700000 -20.4653578981637 1e-12
-220000 -660000 -20.0529022153617 1e-12
-220000 -620000 -19.6343624310448 1e-12
-220000 -580000 -19.2098231575138 1e-12
-220000 -540000 -18.7794938930668 1e-12
-220000 -500000 -18.3437639190636 1e-12
-220000 -460000 -17.9032812392343 1e-12
-220000 -420000 -17.4590667012993 1e-12
-220000 -380000 -17.0126795706414 1e-12
-220000 -340000 -16.5664577137693 1e-12
-220000 -300000 -16.1238634980393 1e-12
-220000 -260000 -15.6899718525041 1e-12
-220000 -220000 -15.272127976948 1e-12
-220000 -180000 -14.880749046683 1e-12
-220000 -140000 -14.5300862307458 1e-12
-220000 -100000 -14.2384242047771 1e-12
-220000 -60000 -14.0267282697558 1e-12
-220000 -20000 -13.9147041545071 1e-12
-220000 20000 13.9147041545071 1e-12
-220000 60000 14.0267282697558 1e-12
-220000 100000 14.2384242047771 1e-12
-220000 140000 14.5300862307458 1e-12
-220000 180000 14.880749046683 1e-12
-220000 220000 15.272127976948 1e-12
-220000 260000 15.6899718525041 1e-12
-220000 300000 16.1238634980393 1e-12
-220000 340000 16.5664577137693 1e-12
-220000 380000 17.0126795706414 1e-12
-220000 420000 17.4590667012993 1e-12
-220000 460000 17.9032812392343 1e-12
-220000 500000 18.3437639190636 1e-12
-220000 540000 18.7794938930668 1e-12
-220000 580000 19.2098231575138 1e-12
-220000 620000 19.6343624310448 1e-12
-220000 660000 20.0529022153617 1e-12
-220000 700000 20.4653578981637 1e-12
-220000 740000 20.8717313461598 1e-12
-220000 780000 21.2720838760362 1e-12
-220000 820000 21.6665171319042 1e-12
-220000 860000 22.0551594981379 1e-12
-220000 900000 22.4381564164 1e-12
-220000 940000 22.8156634758149 1e-12
-220000 980000 23.1878414857154 1e-12
-180000 -980000 -22.7288089993697 1e-12
-180000 -940000 -22.3457877782903 1e-12
-180000 -900000 -21.9566781367605 1e-12
-180000 -860000 -21.5612312939976 1e-12
-180000 -820000 -21.1591895505334 1e-12
-180000 -780000 -20.7502883451853 1e-12
-180000 -740000 -20.334259609701 1e-12
-180000 -700000 -19.9108370354626 1e-12
-180000 -660000 -19.4797641670984 1e-12
-180000 -620000 -19.0408066986327 1e-12
-180000 -580000 -18.5937710629475 1e-12
-180000 -540000 -18.1385325289203 1e-12
-180000 -500000 -17.6750778072756 1e-12
-180000 -460000 -17.2035700387517 1e-12
-180000 -420000 -16.7244486965362 1e-12
-180000 -380000 -16.2385845167685 1e-12
-180000 -340000 -15.7475218337126 1e-12
-180000 -300000 -15.2538600070059 1e-12
-180000 -260000 -14.7618538819783 1e-12
-180000 -220000 -14.2783466609098 1e-12
-180000 -180000 -13.8141595226798 1e-12
-180000 -140000 -13.3859477487522 1e-12
-180000 -100000 -13.0180175421025 1e-12
-180000 -60000 -12.7422648653199 1e-12
-180000 -20000 -12.5926968302051 1e-12
-180000 20000 12.5926968302051 1e-12
-180000 60000 12.7422648653199 1e-12
-180000 100000 13.0180175421025 1e-12
-180000 140000 13.3859477487522 1e-12
-180000 180000 13.8141595226798 1e-12
-180000 220000 14.2783466609098 1e-12
-180000 260000 14.7618538819783 1e-12
-180000 300000 15.2538600070059 1e-12
-180000 340000 15.7475218337126 1e-12
-180000 380000 16.2385845167685 1e-12
-180000 420000 16.7244486965362 1e-12
-180000 460000 17.2035700387517 1e-12
-180000 500000 17.6750778072756 1e-12
-180000 540000 18.1385325289203 1e-12
-180000 580000 18.5937710629475 1e-12
-180000 620000 19.0408066986327 1e-12
-180000 660000 19.4797641670984 1e-12
-180000 700000 19.9108370354626 1e-12
-180000 740000 20.334259609701 1e-12
-180000 780000 20.7502883451853 1e-12
-180000 820000 21.1591895505334 1e-12
-180000 860000 21.5612312939976 1e-12
-180000 900000 21.9566781367605 1e-12
-180000 940000 22.3457877782903 1e-12
-180000 980000 22.7288089993697 1e-12
-140000 -980000 -22.2756244572771 1e-12
-140000 -940000 -21.8819988026862 1e-12
-140000 -900000 -21.4815355480561 1e-12
-140000 -860000 -21.0738968118433 1e-12
-140000 -820000 -20.6587207948608 1e-12
-140000 -780000 -20.2356205614194 1e-12
-140000 -740000 -19.8041832408769 1e-12
-140000 -700000 -19.3639699889858 1e-12
-140000 -660000 -18.9145172531301 1e-12
-140000 -620000 -18.4553402167092 1e-12
-140000 -580000 -17.9859398407132 1e-12
-140000 -540000 -17.5058158235364 1e-12
-140000 -500000 -17.0144893277144 1e-12
-140000 -460000 -16.5115419545466 1e-12
-140000 -420000 -15.9966820730596 1e-12
-140000 -380000 -15.4698579030196 1e-12
-140000 -340000 -14.9314519088659 1e-12
-140000 -300000 -14.3826191884337 1e-12
-140000 -260000 -13.8258849889863 1e-12
-140000 -220000 -13.2662122789596 1e-12
-140000 -180000 -12.7129103005991 1e-12
-140000 -140000 -12.1829435561285 1e-12
-140000 -100000 -11.7060407933289 1e-12
-140000 -60000 -11.3299049294413 1e-12
-140000 -20000 -11.116777090813 1e-12
-140000 20000 11.116777090813 1e-12
-140000 60000 11.3299049294413 1e-12
-140000 100000 11.7060407933289 1e-12
-140000 140000 12.1829435561285 1e-12
-140000 180000 12.7129103005991 1e-12
-140000 220000 13.2662122789596 1e-12
-140000 260000 13.8258849889863 1e-12
-140000 300000 14.3826191884337 1e-12
-140000 340000 14.9314519088659 1e-12
-140000 380000 15.4698579030196 1e-12
-140000 420000 15.9966820730596 1e-12
-140000 460000 16.5115419545466 1e-12
-140000 500000 17.0144893277144 1e-12
-140000 540000 17.5058158235364 1e-12
-140000 580000 17.9859398407132 1e-12
-140000 620000 18.4553402167092 1e-12
-140000 660000 18.9145172531301 1e-12
-140000 700000 19.3639699889858 1e-12
-140000 740000 19.8041832408769 1e-12
-140000 780000 20.2356205614194 1e-12
-140000 820000 20.6587207948608 1e-12
-140000 860000 21.0738968118433 1e-12
-140000 900000 21.4815355480561 1e-12
-140000 940000 21.8819988026862 1e-12
-140000 980000 22.2756244572771 1e-12
-100000 -980000 -21.828958626406 1e-12
-100000 -940000 -21.425043676887 1e-12
-100000 -900000 -21.013564449241 1e-12
-100000 -860000 -20.5940954099721 1e-12
-100000 -820000 -20.1661719130207 1e-12
-100000 -780000 -19.7292855011691 1e-12
-100000 -740000 -19.2828786273701 1e-12
-100000 -700000 -18.8263387868024 1e-12
-100000 -660000 -18.3589921120905 1e-12
-100000 -620000 -17.8800966049124 1e-12
-100000 -580000 -17.388835407186 1e-12
-100000 -540000 -16.8843109484654 1e-12
-100000 -500000 -16.3655416246267 1e-12
-100000 -460000 -15.8314642246432 1e-12
-100000 -420000 -15.2809483546974 1e-12
-100000 -380000 -14.7128351373913 1e-12
-100000 -340000 -14.1260248025212 1e-12
-100000 -300000 -13.5196639155857 1e-12
-100000 -260000 -12.8935404613088 1e-12
-100000 -220000 -12.2489263762768 1e-12
-100000 -180000 -11.5904168641166 1e-12
-100000 -140000 -10.930044932837 1e-12
-100000 -100000 -10.2964665815794 1e-12
-100000 -60000 -9.75323487493707 1e-12
-100000 -20000 -9.41791952481895 1e-12
-100000 20000 9.41791952481895 1e-12
-100000 60000 9.75323487493707 1e-12
-100000 100000 10.2964665815794 1e-12
-100000 140000 10.930044932837 1e-12
-100000 180000 11.5904168641166 1e-12
-100000 220000 12.2489263762768 1e-12
-100000 260000 12.8935404613088 1e-12
-100000 300000 13.5196639155857 1e-12
-100000 340000 14.1260248025212 1e-12
-100000 380000 14.7128351373913 1e-12
-100000 420000 15.2809483546974 1e-12
-100000 460000 15.8314642246432 1e-12
-100000 500000 16.3655416246267 1e-12
-100000 540000 16.8843109484654 1e-12
-100000 580000 17.388835407186 1e-12
-100000 620000 17.8800966049124 1e-12
-100000 660000 18.3589921120905 1e-12
-100000 700000 18.8263387868024 1e-12
-100000 740000 19.2828786273701 1e-12
-100000 780000 19.7292855011691 1e-12
-100000 820000 20.1661719130207 1e-12
-100000 860000 20.5940954099721 1e-12
-100000 900000 21.013564449241 1e-12
-100000 940000 21.425043676887 1e-12
-100000 980000 21.828958626406 1e-12
-60000 -980000 -21.3894612928665 1e-12
-60000 -940000 -20.9756470169576 1e-12
-60000 -900000 -20.5535766583799 1e-12
-60000 -860000 -20.1227411801705 1e-12
-60000 -820000 -19.6825777810934 1e-12
-60000 -780000 -19.2324617587052 1e-12
-60000 -740000 -18.7716967646995 1e-12
-60000 -700000 -18.2995030645006 1e-12
-60000 -660000 -17.8150033063065 1e-12
-60000 -620000 -17.3172051684235 1e-12
-60000 -580000 -16.8049800831407 1e-12
-60000 -540000 -16.2770370312733 1e-12
-60000 -500000 -15.7318901813539 1e-12
-60000 -460000 -15.1678189748247 1e-12
-60000 -420000 -14.5828193182689 1e-12
-60000 -380000 -13.9745453392775 1e-12
-60000 -340000 -13.3402440538289 1e-12
-60000 -300000 -12.6766940327687 1e-12
-60000 -260000 -11.9801845618551 1e-12
-60000 -220000 -11.2466470856247 1e-12
-60000 -180000 -10.4722866382769 1e-12
-60000 -140000 -9.65586495699325 1e-12
-60000 -100000 -8.80682018122571 1e-12
-60000 -60000 -7.97560871904761 1e-12
-60000 -20000 -7.35675005007796 1e-12
-60000 20000 7.35675005007796 1e-12
-60000 60000 7.97560871904761 1e-12
-60000 100000 8.80682018122571 1e-12
-60000 140000 9.65586495699325 1e-12
-60000 180000 10.4722866382769 1e-12
-60000 220000 11.2466470856247 1e-12
-60000 260000 11.9801845618551 1e-12
-60000 300000 12.6766940327687 1e-12
-60000 340000 13.340244053829 1e-12
-60000 380000 13.9745453392775 1e-12
-60000 420000 14.5828193182689 1e-12
-60000 460000 15.1678189748247 1e-12
-60000 500000 15.7318901813539 1e-12
-60000 540000 16.2770370312733 1e-12
-60000 580000 16.8049800831407 1e-12
-60000 620000 17.3172051684235 1e-12
-60000 660000 17.8150033063065 1e-12
-60000 700000 18.2995030645006 1e-12
-60000 740000 18.7716967646995 1e-12
-60000 780000 19.2324617587052 1e-12
-60000 820000 19.6825777810934 1e-12
-60000 860000 20.1227411801705 1e-12
-60000 900000 20.5535766583799 1e-12
-60000 940000 20.9756470169576 1e-12
-60000 980000 21.3894612928665 1e-12
-20000 -980000 -20.9577510994022 1e-12
-20000 -940000 -20.5344986472917 1e-12
-20000 -900000 -20.1023450623065 1e-12
-20000 -860000 -19.6607045986213 1e-12
-20000 -820000 -19.2089243864134 1e-12
-20000 -780000 -18.7462731586581 1e-12
-20000 -740000 -18.2719274245533 1e-12
-20000 -700000 -17.7849543465058 1e-12
-20000 -660000 -17.284290308328 1e-12
-20000 -620000 -16.7687137740714 1e-12
-20000 -580000 -16.2368104667043 1e-12
-20000 -540000 -15.6869280408744 1e-12
-20000 -500000 -15.1171161124901 1e-12
-20000 -460000 -14.5250454440776 1e-12
-20000 -420000 -13.9078967433346 1e-12
-20000 -380000 -13.2622039454561 1e-12
-20000 -340000 -12.5836271649374 1e-12
-20000 -300000 -11.8666130165253 1e-12
-20000 -260000 -11.1038669735676 1e-12
-20000 -220000 -10.2854969545101 1e-12
-20000 -180000 -9.39755171161514 1e-12
-20000 -140000 -8.41939465894621 1e-12
-20000 -100000 -7.31889271225351 1e-12
-20000 -60000 -6.04617750964011 1e-12
-20000 -20000 -4.60471984089326 1e-12
-20000 20000 4.60471984089326 1e-12
-20000 60000 6.04617750964011 1e-12
-20000 100000 7.31889271225351 1e-12
-20000 140000 8.41939465894621 1e-12
-20000 180000 9.39755171161515 1e-12
-20000 220000 10.2854969545101 1e-12
-20000 260000 11.1038669735676 1e-12
-20000 300000 11.8666130165253 1e-12
-20000 340000 12.5836271649374 1e-12
-20000 380000 13.2622039454561 1e-12
-20000 420000 13.9078967433346 1e-12
-20000 460000 14.5250454440776 1e-12
-20000 500000 15.1171161124901 1e-12
-20000 540000 15.6869280408744 1e-12
-20000 580000 16.2368104667043 1e-12
-20000 620000 16.7687137740714 1e-12
-20000 660000 17.284290308328 1e-12
-20000 700000 17.7849543465058 1e-12
-20000 740000 18.2719274245533 1e-12
-20000 780000 18.7462731586581 1e-12
-20000 820000 19.2089243864134 1e-12
-20000 860000 19.6607045986213 1e-12
-20000 900000 20.1023450623064 1e-12
-20000 940000 20.5344986472917 1e-12
-20000 980000 20.9577510994022 1e-12
20000 -980000 -20.5344058186072 1e-12
20000 -940000 -20.1022418121557 1e-12
20000 -900000 -19.6605892125031 1e-12
20000 -860000 -19.2087947694019 1e-12
20000 -820000 -18.7461267269189 1e-12
20000 -780000 -18.2717609583143 1e-12
20000 -740000 -17.7847637877734 1e-12
20000 -700000 -17.28407047793 1e-12
20000 -660000 -16.7684579684989 1e-12
20000 -620000 -16.2365098717516 1e-12
20000 -580000 -15.6865708588727 1e-12
20000 -540000 -15.1166862287449 1e-12
20000 -500000 -14.5245203272694 1e-12
20000 -460000 -13.9072440235754 1e-12
20000 -420000 -13.2613756074554 1e-12
20000 -380000 -12.5825492118898 1e-12
20000 -340000 -11.8651659830323 1e-12
20000 -300000 -11.1018464978904 1e-12
20000 -260000 -10.2825265837459 1e-12
20000 -220000 -9.39286637720313 1e-12
20000 -180000 -8.41121093251361 1e-12
20000 -140000 -7.30210227276006 1e-12
20000 -100000 -6.00005680908383 1e-12
20000 -60000 -4.3578381861691 1e-12
20000 -20000 -1.90733740902647 1e-12
20000 20000 1.90733740902647 1e-12
20000 60000 4.3578381861691 1e-12
20000 100000 6.00005680908383 1e-12
20000 140000 7.30210227276006 1e-12
20000 180000 8.41121093251361 1e-12
20000 220000 9.39286637720313 1e-12
20000 260000 10.2825265837459 1e-12
20000 300000 11.1018464978905 1e-12
20000 340000 11.8651659830323 1e-12
20000 380000 12.5825492118898 1e-12
20000 420000 13.2613756074554 1e-12
20000 460000 13.9072440235754 1e-12
20000 500000 14.5245203272694 1e-12
20000 540000 15.1166862287449 1e-12
20000 580000 15.6865708588727 1e-12
20000 620000 16.2365098717516 1e-12
20000 660000 16.7684579684989 1e-12
20000 700000 17.28407047793 1e-12
20000 740000 17.7847637877734 1e-12
20000 780000 18.2717609583143 1e-12
20000 820000 18.7461267269189 1e-12
20000 860000 19.2087947694019 1e-12
20000 900000 19.6605892125031 1e-12
20000 940000 20.1022418121557 1e-12
20000 980000 20.5344058186072 1e-12
60000 -980000 -20.1199534774637 1e-12
60000 -940000 -19.6794624244737 1e-12
60000 -900000 -19.2289621921769 1e-12
60000 -860000 -18.7677432351467 1e-12
60000 -820000 -18.2950086538667 1e-12
60000 -780000 -17.8098584732256 1e-12
60000 -740000 -17.3112701140643 1e-12
60000 -700000 -16.7980738760113 1e-12
60000 -660000 -16.2689217940212 1e-12
60000 -620000 -15.7222475613871 1e-12
60000 -580000 -15.1562142084039 1e-12
60000 -540000 -14.5686446882924 1e-12
60000 -500000 -13.9569281080919 1e-12
60000 -460000 -13.3178904481648 1e-12
60000 -420000 -12.6476121384846 1e-12
60000 -380000 -11.9411637194952 1e-12
60000 -340000 -11.1922109054461 1e-12
60000 -300000 -10.3924032416328 1e-12
60000 -260000 -9.53038801268752 1e-12
60000 -220000 -8.59014226918611 1e-12
60000 -180000 -7.54799714960868 1e-12
60000 -140000 -6.36704025462046 1e-12
60000 -100000 -4.98633685592056 1e-12
60000 -60000 -3.30360529961063 1e-12
60000 -20000 -1.19383618457026 1e-12
60000 20000 1.19383618457026 1e-12
60000 60000 3.30360529961063 1e-12
60000 100000 4.98633685592055 1e-12
60000 140000 6.36704025462046 1e-12
60000 180000 7.54799714960868 1e-12
60000 220000 8.59014226918611 1e-12
60000 260000 9.53038801268752 1e-12
60000 300000 10.3924032416328 1e-12
60000 340000 11.1922109054461 1e-12
60000 380000 11.9411637194952 1e-12
60000 420000 12.6476121384846 1e-12
60000 460000 13.3178904481648 1e-12
60000 500000 13.9569281080919 1e-12
60000 540000 14.5686446882924 1e-12
60000 580000 15.1562142084039 1e-12
60000 620000 15.7222475613871 1e-12
60000 660000 16.2689217940213 1e-12
60000 700000 16.7980738760113 1e-12
60000 740000 17.3112701140643 1e-12
60000 780000 17.8098584732256 1e-12
60000 820000 18.2950086538667 1e-12
60000 860000 18.7677432351467 1e-12
60000 900000 19.2289621921769 1e-12
60000 940000 19.6794624244737 1e-12
60000 980000 20.1199534774637 1e-12
100000 -980000 -19.7148647118646 1e-12
100000 -940000 -19.266679850205 1e-12
100000 -900000 -18.8080394181898 1e-12
100000 -860000 -18.3381902500987 1e-12
100000 -820000 -17.856285882548 1e-12
100000 -780000 -17.361369827304 1e-12
100000 -740000 -16.8523548518201 1e-12
100000 -700000 -16.3279970605472 1e-12
100000 -660000 -15.7868631230393 1e-12
100000 -620000 -15.227288350024 1e-12
100000 -580000 -14.6473223734573 1e-12
100000 -540000 -14.0446577778971 1e-12
100000 -500000 -13.4165348939719 1e-12
100000 -460000 -12.7596126661406 1e-12
100000 -420000 -12.0697903259629 1e-12
100000 -380000 -11.3419563424408 1e-12
100000 -340000 -10.56962783712 1e-12
100000 -300000 -9.74442241921848 1e-12
100000 -260000 -8.85527196201144 1e-12
100000 -220000 -7.88724624094031 1e-12
100000 -180000 -6.81984009913555 1e-12
100000 -140000 -5.62479671878142 1e-12
100000 -100000 -4.26493610261151 1e-12
100000 -60000 -2.70148966673341 1e-12
100000 -20000 -0.932557810403564 1e-12
100000 20000 0.932557810403564 1e-12
100000 60000 2.70148966673341 1e-12
100000 100000 4.26493610261151 1e-12
100000 140000 5.62479671878142 1e-12
100000 180000 6.81984009913555 1e-12
100000 220000 7.88724624094031 1e-12
100000 260000 8.85527196201144 1e-12
100000 300000 9.74442241921848 1e-12
100000 340000 10.56962783712 1e-12
100000 380000 11.3419563424408 1e-12
100000 420000 12.0697903259629 1e-12
100000 460000 12.7596126661406 1e-12
100000 500000 13.4165348939719 1e-12
100000 540000 14.0446577778971 1e-12
100000 580000 14.6473223734573 1e-12
100000 620000 15.227288350024 1e-12
100000 660000 15.7868631230393 1e-12
100000 700000 16.3279970605472 1e-12
100000 740000 16.8523548518201 1e-12
100000 780000 17.361369827304 1e-12
100000 820000 17.856285882548 1e-12
100000 860000 18.3381902500987 1e-12
100000 900000 18.8080394181898 1e-12
100000 940000 19.266679850205 1e-12
100000 980000 19.7148647118646 1e-12
140000 -980000 -19.3195466616827 1e-12
140000 -940000 -18.8643396346666 1e-12
140000 -900000 -18.3983099156876 1e-12
140000 -860000 -17.9206742364095 1e-12
140000 -820000 -17.4305531504684 1e-12
140000 -780000 -16.9269541783816 1e-12
140000 -740000 -16.4087510825632 1e-12
140000 -700000 -15.8746581690956 1e-12
140000 -660000 -15.323198137799 1e-12
140000 -620000 -14.7526614807557 1e-12
140000 -580000 -14.1610546995993 1e-12
140000 -540000 -13.5460335854769 1e-12
140000 -500000 -12.9048163618936 1e-12
140000 -460000 -12.2340694769991 1e-12
140000 -420000 -11.5297560944642 1e-12
140000 -380000 -10.7869338456721 1e-12
140000 -340000 -9.99948470462686 1e-12
140000 -300000 -9.1597583467465 1e-12
140000 -260000 -8.25811927620118 1e-12
140000 -220000 -7.2824327310116 1e-12
140000 -180000 -6.21767855090381 1e-12
140000 -140000 -5.04634045057433 1e-12
140000 -100000 -3.75137698803652 1e-12
140000 -60000 -2.32555024918163 1e-12
140000 -20000 -0.790045022840323 1e-12
140000 20000 0.790045022840324 1e-12
140000 60000 2.32555024918163 1e-12
140000 100000 3.75137698803652 1e-12
140000 140000 5.04634045057433 1e-12
140000 180000 6.21767855090381 1e-12
140000 220000 7.2824327310116 1e-12
140000 260000 8.25811927620118 1e-12
140000 300000 9.15975834674649 1e-12
140000 340000 9.99948470462685 1e-12
140000 380000 10.7869338456721 1e-12
140000 420000 11.5297560944642 1e-12
140000 460000 12.2340694769991 1e-12
140000 500000 12.9048163618936 1e-12
140000 540000 13.5460335854769 1e-12
140000 580000 14.1610546995993 1e-12
140000 620000 14.7526614807557 1e-12
140000 660000 15.323198137799 1e-12
140000 700000 15.8746581690956 1e-12
140000 740000 16.4087510825632 1e-12
140000 780000 16.9269541783816 1e-12
140000 820000 17.4305531504684 1e-12
140000 860000 17.9206742364095 1e-12
140000 900000 18.3983099156876 1e-12
140000 940000 18.8643396346666 1e-12
140000 980000 19.3195466616827 1e-12
180000 -980000 -18.9343386242728 1e-12
180000 -940000 -18.4728084502923 1e-12
180000 -900000 -18.0001704272515 1e-12
180000 -860000 -17.5156248967047 1e-12
180000 -820000 -17.0182761478419 1e-12
180000 -780000 -16.5071162538202 1e-12
180000 -740000 -15.9810054278046 1e-12
180000 -700000 -15.4386479997943 1e-12
180000 -660000 -14.8785628544753 1e-12
180000 -620000 -14.2990468333906 1e-12
180000 -580000 -13.698129177012 1e-12
180000 -540000 -13.0735145585073 1e-12
180000 -500000 -12.4225116664082 1e-12
180000 -460000 -11.741943735474 1e-12
180000 -420000 -11.0280372148389 1e-12
180000 -380000 -10.276285696546 1e-12
180000 -340000 -9.48129023456489 1e-12
180000 -300000 -8.63658877810765 1e-12
180000 -260000 -7.73451683311112 1e-12
180000 -220000 -6.76621045917986 1e-12
180000 -180000 -5.72201222707941 1e-12
180000 -140000 -4.59282241558772 1e-12
180000 -100000 -3.37330718068909 1e-12
180000 -60000 -2.06778492758987 1e-12
180000 -20000 -0.697448253463519 1e-12
180000 20000 0.697448253463519 1e-12
180000 60000 2.06778492758987 1e-12
180000 100000 3.37330718068909 1e-12
180000 140000 4.59282241558772 1e-12
180000 180000 5.72201222707941 1e-12
180000 220000 6.76621045917986 1e-12
180000 260000 7.73451683311112 1e-12
180000 300000 8.63658877810765 1e-12
180000 340000 9.48129023456489 1e-12
180000 380000 10.276285696546 1e-12
180000 420000 11.0280372148389 1e-12
180000 460000 11.741943735474 1e-12
180000 500000 12.4225116664082 1e-12
180000 540000 13.0735145585073 1e-12
180000 580000 13.698129177012 1e-12
180000 620000 14.2990468333906 1e-12
180000 660000 14.8785628544753 1e-12
180000 700000 15.4386479997943 1e-12
180000 740000 15.9810054278046 1e-12
180000 780000 16.5071162538202 1e-12
180000 820000 17.0182761478419 1e-12
180000 860000 17.5156248967047 1e-12
180000 900000 18.0001704272515 1e-12
180000 940000 18.4728084502923 1e-12
180000 980000 18.9343386242728 1e-12
220000 -980000 -18.5595095768444 1e-12
220000 -940000 -18.0923713981321 1e-12
220000 -900000 -17.6139225141121 1e-12
220000 -860000 -17.1233601683378 1e-12
220000 -820000 -16.6197884340749 1e-12
220000 -780000 -16.102203432929 1e-12
220000 -740000 -15.5694756608109 1e-12
220000 -700000 -15.020328786889 1e-12
220000 -660000 -14.4533141606058 1e-12
220000 -620000 -13.8667801251746 1e-12
220000 -580000 -13.2588351188656 1e-12
220000 -540000 -12.6273035065309 1e-12
220000 -500000 -11.9696732488674 1e-12
220000 -460000 -11.2830351456261 1e-12
220000 -420000 -10.5640150059876 1e-12
220000 -380000 -9.80870374410568 1e-12
220000 -340000 -9.01259807982242 1e-12
220000 -300000 -8.17057997144123 1e-12
220000 -260000 -7.27699248994288 1e-12
220000 -220000 -6.32592253434943 1e-12
220000 -180000 -5.31188244944018 1e-12
220000 -140000 -4.23117109547942 1e-12
220000 -100000 -3.08417360106306 1e-12
220000 -60000 -1.87843256995846 1e-12
220000 -20000 -0.631185134308248 1e-12
220000 20000 0.631185134308248 1e-12
220000 60000 1.87843256995846 1e-12
220000 100000 3.08417360106306 1e-12
220000 140000 4.23117109547942 1e-12
220000 180000 5.31188244944018 1e-12
220000 220000 6.32592253434943 1e-12
220000 260000 7.27699248994288 1e-12
220000 300000 8.17057997144123 1e-12
220000 340000 9.01259807982242 1e-12
220000 380000 9.80870374410568 1e-12
220000 420000 10.5640150059876 1e-12
220000 460000 11.2830351456261 1e-12
220000 500000 11.9696732488674 1e-12
220000 540000 12.6273035065309 1e-12
220000 580000 13.2588351188656 1e-12
220000 620000 13.8667801251746 1e-12
220000 660000 14.4533141606058 1e-12
220000 700000 15.020328786889 1e-12
220000 740000 15.5694756608109 1e-12
220000 780000 16.102203432929 1e-12
220000 820000 16.6197884340749 1e-12
220000 860000 17.1233601683378 1e-12
220000 900000 17.6139225141121 1e-12
220000 940000 18.0923713981321 1e-12
220000 980000 18.5595095768444 1e-12
260000 -980000 -18.1952575672758 1e-12
260000 -940000 -17.7232316447259 1e-12
260000 -900000 -17.2397725997864 1e-12
260000 -860000 -16.744086916297 1e-12
260000 -820000 -16.2352931468926 1e-12
260000 -780000 -15.7124090304077 1e-12
260000 -740000 -15.174336419301 1e-12
260000 -700000 -14.6198436642355 1e-12
260000 -660000 -14.0475450942627 1e-12
260000 -620000 -13.4558772716657 1e-12
260000 -580000 -12.8430718405699 1e-12
260000 -540000 -12.2071251191939 1e-12
260000 -500000 -11.5457652709198 1e-12
260000 -460000 -10.8564192191935 1e-12
260000 -420000 -10.1361839488315 1e-12
260000 -380000 -9.38181130719483 1e-12
260000 -340000 -8.58972322322975 1e-12
260000 -300000 -7.75608728742186 1e-12
260000 -260000 -6.87700282785557 1e-12
260000 -220000 -5.94887475724955 1e-12
260000 -180000 -4.96907768093745 1e-12
260000 -140000 -3.93700489156828 1e-12
260000 -100000 -2.85548704010519 1e-12
260000 -60000 -1.73226775244379 1e-12
260000 -20000 -0.580775359305328 1e-12
260000 20000 0.580775359305328 1e-12
260000 60000 1.73226775244379 1e-12
260000 100000 2.85548704010519 1e-12
260000 140000 3.93700489156828 1e-12
260000 180000 4.96907768093745 1e-12
260000 220000 5.94887475724955 1e-12
260000 260000 6.87700282785557 1e-12
260000 300000 7.75608728742186 1e-12
260000 340000 8.58972322322975 1e-12
260000 380000 9.38181130719483 1e-12
260000 420000 10.1361839488315 1e-12
260000 460000 10.8564192191935 1e-12
260000 500000 11.5457652709198 1e-12
260000 540000 12.2071251191939 1e-12
260000 580000 12.8430718405699 1e-12
260000 620000 13.4558772716657 1e-12
260000 660000 14.0475450942627 1e-12
260000 700000 14.6198436642355 1e-12
260000 740000 15.174336419301 1e-12
260000 780000 15.7124090304077 1e-12
260000 820000 16.2352931468926 1e-12
260000 860000 16.744086916297 1e-12
260000 900000 17.2397725997864 1e-12
260000 940000 17.7232316447259 1e-12
260000 980000 18.1952575672758 1e-12
300000 -980000 -17.8417108698067 1e-12
300000 -940000 -17.3655122380994 1e-12
300000 -900000 -16.8778347204996 1e-12
300000 -860000 -16.3779050085385 1e-12
300000 -820000 -15.8648689629625 1e-12
300000 -780000 -15.3377809530439 1e-12
300000 -740000 -14.7955917416889 1e-12
300000 -700000 -14.2371348248089 1e-12
300000 -660000 -13.6611112211153 1e-12
300000 -620000 -13.0660728790749 1e-12
300000 -580000 -12.4504051787261 1e-12
300000 -540000 -11.8123095511983 1e-12
300000 -500000 -11.1497881685509 1e-12
300000 -460000 -10.4606342060138 1e-12
300000 -420000 -9.74243369917613 1e-12
300000 -380000 -8.99258899394781 1e-12
300000 -340000 -8.20837977586245 1e-12
300000 -300000 -7.38708602075793 1e-12
300000 -260000 -6.52620725911019 1e-12
300000 -220000 -5.62382071435675 1e-12
300000 -180000 -4.67911735890458 1e-12
300000 -140000 -3.69312031835072 1e-12
300000 -100000 -2.66949886269809 1e-12
300000 -60000 -1.61523750861416 1e-12
300000 -20000 -0.540771591351102 1e-12
300000 20000 0.540771591351103 1e-12
300000 60000 1.61523750861416 1e-12
300000 100000 2.66949886269809 1e-12
300000 140000 3.69312031835072 1e-12
300000 180000 4.67911735890458 1e-12
300000 220000 5.62382071435675 1e-12
300000 260000 6.52620725911019 1e-12
300000 300000 7.38708602075792 1e-12
300000 340000 8.20837977586245 1e-12
300000 380000 8.9925889939478 1e-12
300000 420000 9.74243369917613 1e-12
300000 460000 10.4606342060137 1e-12
300000 500000 11.1497881685509 1e-12
300000 540000 11.8123095511983 1e-12
300000 580000 12.4504051787261 1e-12
300000 620000 13.0660728790749 1e-12
300000 660000 13.6611112211153 1e-12
300000 700000 14.2371348248089 1e-12
300000 740000 14.7955917416889 1e-12
300000 780000 15.3377809530439 1e-12
300000 820000 15.8648689629625 1e-12
300000 860000 16.3779050085385 1e-12
300000 900000 16.8778347204996 1e-12
300000 940000 17.3655122380994 1e-12
300000 980000 17.8417108698067 1e-12
340000 -980000 -17.4989307158546 1e-12
340000 -940000 -17.0192598345886 1e-12
340000 -900000 -16.5281356005783 1e-12
340000 -860000 -16.0248142263885 1e-12
340000 -820000 -15.5084795189885 1e-12
340000 -780000 -14.978234576456 1e-12
340000 -740000 -14.433092729939 1e-12
340000 -700000 -13.8719678548662 1e-12
340000 -660000 -13.2936643260384 1e-12
340000 -620000 -12.6968671364936 1e-12
340000 -580000 -12.0801330914705 1e-12
340000 -540000 -11.4418846025903 1e-12
340000 -500000 -10.7804085522438 1e-12
340000 -460000 -10.0938641200698 1e-12
340000 -420000 -9.38030553704792 1e-12
340000 -380000 -8.63772861542319 1e-12
340000 -340000 -7.86415360110805 1e-12
340000 -300000 -7.05776095681508 1e-12
340000 -260000 -6.21709959781921 1e-12
340000 -220000 -5.34138537129516 1e-12
340000 -180000 -4.43089485624275 1e-12
340000 -140000 -3.48742745470712 1e-12
340000 -100000 -2.51475241082642 1e-12
340000 -60000 -1.51888880543503 1e-12
340000 -20000 -0.508028773744417 1e-12
340000 20000 0.508028773744417 1e-12
340000 60000 1.51888880543503 1e-12
340000 100000 2.51475241082642 1e-12
340000 140000 3.48742745470712 1e-12
340000 180000 4.43089485624275 1e-12
340000 220000 5.34138537129516 1e-12
340000 260000 6.21709959781921 1e-12
340000 300000 7.05776095681508 1e-12
340000 340000 7.86415360110805 1e-12
340000 380000 8.63772861542319 1e-12
340000 420000 9.38030553704791 1e-12
340000 460000 10.0938641200698 1e-12
340000 500000 10.7804085522438 1e-12
340000 540000 11.4418846025903 1e-12
340000 580000 12.0801330914705 1e-12
340000 620000 12.6968671364936 1e-12
340000 660000 13.2936643260384 1e-12
340000 700000 13.8719678548662 1e-12
340000 740000 14.433092729939 1e-12
340000 780000 14.978234576456 1e-12
340000 820000 15.5084795189885 1e-12
340000 860000 16.0248142263885 1e-12
340000 900000 16.5281356005783 1e-12
340000 940000 17.0192598345886 1e-12
340000 980000 17.4989307158546 1e-12
380000 -980000 -17.1669153471649 1e-12
380000 -940000 -16.6844499902087 1e-12
380000 -900000 -16.1906215753869 1e-12
380000 -860000 -15.6847233473588 1e-12
380000 -820000 -15.165985367229 1e-12
380000 -780000 -14.633568538961 1e-12
380000 -740000 -14.0865584939629 1e-12
380000 -700000 -13.5239596147984 1e-12
380000 -660000 -12.944689659366 1e-12
380000 -620000 -12.3475757164984 1e-12
380000 -580000 -11.7313526210368 1e-12
380000 -540000 -11.0946655312414 1e-12
380000 -500000 -10.4360791845438 1e-12
380000 -460000 -9.75409746094318 1e-12
380000 -420000 -9.04719833302257 1e-12
380000 -380000 -8.31389101718109 1e-12
380000 -340000 -7.55280390401183 1e-12
380000 -300000 -6.76281296293063 1e-12
380000 -260000 -5.94321940871072 1e-12
380000 -220000 -5.09398015844738 1e-12
380000 -180000 -4.21598192723991 1e-12
380000 -140000 -3.31132735673199 1e-12
380000 -100000 -2.3835712544674 1e-12
380000 -60000 -1.43781793208812 1e-12
380000 -20000 -0.480588470970309 1e-12
380000 20000 0.480588470970309 1e-12
380000 60000 1.43781793208812 1e-12
380000 100000 2.3835712544674 1e-12
380000 140000 3.31132735673199 1e-12
380000 180000 4.21598192723991 1e-12
380000 220000 5.09398015844738 1e-12
380000 260000 5.94321940871072 1e-12
380000 300000 6.76281296293063 1e-12
380000 340000 7.55280390401183 1e-12
380000 380000 8.31389101718109 1e-12
380000 420000 9.04719833302257 1e-12
380000 460000 9.75409746094318 1e-12
380000 500000 10.4360791845438 1e-12
380000 540000 11.0946655312414 1e-12
380000 580000 11.7313526210368 1e-12
380000 620000 12.3475757164984 1e-12
380000 660000 12.944689659366 1e-12
380000 700000 13.5239596147984 1e-12
380000 740000 14.0865584939629 1e-12
380000 780000 14.633568538961 1e-12
380000 820000 15.165985367229 1e-12
380000 860000 15.6847233473588 1e-12
380000 900000 16.1906215753869 1e-12
380000 940000 16.6844499902087 1e-12
380000 980000 17.1669153471649 1e-12
420000 -980000 -16.8456051012631 1e-12
420000 -940000 -16.3609936290977 1e-12
420000 -900000 -15.865166841618 1e-12
420000 -860000 -15.3574606987524 1e-12
420000 -820000 -14.8371575151866 1e-12
420000 -780000 -14.3034821613444 1e-12
420000 -740000 -13.7555986196477 1e-12
420000 -700000 -13.1926072739615 1e-12
420000 -660000 -12.6135434928147 1e-12
420000 -620000 -12.0173783229687 1e-12
420000 -580000 -11.4030224623592 1e-12
420000 -540000 -10.7693351552966 1e-12
420000 -500000 -10.1151402684647 1e-12
420000 -460000 -9.43925256523752 1e-12
420000 -420000 -8.74051805268475 1e-12
420000 -380000 -8.01787308803289 1e-12
420000 -340000 -7.27042738261536 1e-12
420000 -300000 -6.49757554162395 1e-12
420000 -260000 -5.69913938762439 1e-12
420000 -220000 -4.8755378103867 1e-12
420000 -180000 -4.02797118713704 1e-12
420000 -140000 -3.15859365052311 1e-12
420000 -100000 -2.27063161757979 1e-12
420000 -60000 -1.36839811982635 1e-12
420000 -20000 -0.457159479360618 1e-12
420000 20000 0.457159479360618 1e-12
420000 60000 1.36839811982635 1e-12
420000 100000 2.27063161757979 1e-12
420000 140000 3.15859365052311 1e-12
420000 180000 4.02797118713704 1e-12
420000 220000 4.8755378103867 1e-12
420000 260000 5.69913938762439 1e-12
420000 300000 6.49757554162395 1e-12
420000 340000 7.27042738261536 1e-12
420000 380000 8.01787308803289 1e-12
420000 420000 8.74051805268475 1e-12
420000 460000 9.43925256523752 1e-12
420000 500000 10.1151402684647 1e-12
420000 540000 10.7693351552966 1e-12
420000 580000 11.4030224623592 1e-12
420000 620000 12.0173783229687 1e-12
420000 660000 12.6135434928147 1e-12
420000 700000 13.1926072739615 1e-12
420000 740000 13.7555986196477 1e-12
420000 780000 14.3034821613444 1e-12
420000 820000 14.8371575151866 1e-12
420000 860000 15.3574606987524 1e-12
420000 900000 15.865166841618 1e-12
420000 940000 16.3609936290977 1e-12
420000 980000 16.8456051012631 1e-12
460000 -980000 -16.534888227099 1e-12
460000 -940000 -16.0487442950521 1e-12
460000 -900000 -15.5515825198514 1e-12
460000 -860000 -15.0427855075578 1e-12
460000 -820000 -14.5216916659421 1e-12
460000 -780000 -13.9875933371322 1e-12
460000 -740000 -13.4397356565356 1e-12
460000 -700000 -12.8773165595261 1e-12
460000 -660000 -12.2994885231428 1e-12
460000 -620000 -11.7053628489303 1e-12
460000 -580000 -11.094017574946 1e-12
460000 -540000 -10.4645104553019 1e-12
460000 -500000 -9.81589885774029 1e-12
460000 -460000 -9.14726887180275 1e-12
460000 -420000 -8.45777631349393 1e-12
460000 -380000 -7.74670250074764 1e-12
460000 -340000 -7.01352738717832 1e-12
460000 -300000 -6.25802146904657 1e-12
460000 -260000 -5.48035529474613 1e-12
460000 -220000 -4.68122090591415 1e-12
460000 -180000 -3.86195299535448 1e-12
460000 -140000 -3.02462979521262 1e-12
460000 -100000 -2.17212706781564 1e-12
460000 -60000 -1.30809700591166 1e-12
460000 -20000 -0.436851573863751 1e-12
460000 20000 0.436851573863751 1e-12
460000 60000 1.30809700591166 1e-12
460000 100000 2.17212706781564 1e-12
460000 140000 3.02462979521262 1e-12
460000 180000 3.86195299535448 1e-12
460000 220000 4.68122090591415 1e-12
460000 260000 5.48035529474613 1e-12
460000 300000 6.25802146904656 1e-12
460000 340000 7.01352738717832 1e-12
460000 380000 7.74670250074764 1e-12
460000 420000 8.45777631349393 1e-12
460000 460000 9.14726887180275 1e-12
460000 500000 9.81589885774029 1e-12
460000 540000 10.4645104553019 1e-12
460000 580000 11.094017574946 1e-12
460000 620000 11.7053628489303 1e-12
460000 660000 12.2994885231428 1e-12
460000 700000 12.8773165595261 1e-12
460000 740000 13.4397356565356 1e-12
460000 780000 13.9875933371322 1e-12
460000 820000 14.5216916659421 1e-12
460000 860000 15.0427855075578 1e-12
460000 900000 15.5515825198514 1e-12
460000 940000 16.0487442950521 1e-12
460000 980000 16.534888227099 1e-12
500000 -980000 -16.2346071385499 1e-12
500000 -940000 -15.7475058145496 1e-12
500000 -900000 -15.249626057346 1e-12
500000 -860000 -14.7403994485063 1e-12
500000 -820000 -14.2192224050349 1e-12
500000 -780000 -13.685455950915 1e-12
500000 -740000 -13.1384264642526 1e-12
500000 -700000 -12.577427822813 1e-12
500000 -660000 -12.0017255086915 1e-12
500000 -620000 -11.410563404099 1e-12
500000 -580000 -10.803174215038 1e-12
500000 -540000 -10.1787946909148 1e-12
500000 -500000 -9.53668704513235 1e-12
500000 -460000 -8.87616818025339 1e-12
500000 -420000 -8.19664840091532 1e-12
500000 -380000 -7.49768112701085 1e-12
500000 -340000 -6.77902450713334 1e-12
500000 -300000 -6.04071453532916 1e-12
500000 -260000 -5.28314705111566 1e-12
500000 -220000 -4.50716273679364 1e-12
500000 -180000 -3.7141251368382 1e-12
500000 -140000 -2.9059776225909 1e-12
500000 -100000 -2.08526265701073 1e-12
500000 -60000 -1.25508771835248 1e-12
500000 -20000 -0.419028498232088 1e-12
500000 20000 0.419028498232088 1e-12
500000 60000 1.25508771835248 1e-12
500000 100000 2.08526265701073 1e-12
500000 140000 2.9059776225909 1e-12
500000 180000 3.7141251368382 1e-12
500000 220000 4.50716273679364 1e-12
500000 260000 5.28314705111566 1e-12
500000 300000 6.04071453532916 1e-12
500000 340000 6.77902450713334 1e-12
500000 380000 7.49768112701085 1e-12
500000 420000 8.19664840091532 1e-12
500000 460000 8.87616818025339 1e-12
500000 500000 9.53668704513235 1e-12
500000 540000 10.1787946909148 1e-12
500000 580000 10.803174215038 1e-12
500000 620000 11.410563404099 1e-12
500000 660000 12.0017255086915 1e-12
500000 700000 12.577427822813 1e-12
500000 740000 13.1384264642526 1e-12
500000 780000 13.685455950915 1e-12
500000 820000 14.2192224050349 1e-12
500000 860000 14.7403994485063 1e-12
500000 900000 15.249626057346 1e-12
500000 940000 15.7475058145496 1e-12
500000 980000 16.2346071385499 1e-12
540000 -980000 -15.9445648401531 1e-12
540000 -940000 -15.4570400431144 1e-12
540000 -900000 -14.9590105677617 1e-12
540000 -860000 -14.449957898682 1e-12
540000 -820000 -13.9293367422994 1e-12
540000 -780000 -13.3965761269452 1e-12
540000 -740000 -12.8510816204028 1e-12
540000 -700000 -12.2922390591916 1e-12
540000 -660000 -11.7194202900035 1e-12
540000 -620000 -11.1319915464451 1e-12
540000 -580000 -10.5293252179134 1e-12
540000 -540000 -9.91081589883189 1e-12
540000 -500000 -9.27590171026787 1e-12
540000 -460000 -8.62409191895787 1e-12
540000 -420000 -7.95500177393915 1e-12
540000 -380000 -7.26839514371224 1e-12
540000 -340000 -6.56423484899583 1e-12
540000 -300000 -5.84273942649043 1e-12
540000 -260000 -5.10444335133084 1e-12
540000 -220000 -4.35025554147026 1e-12
540000 -180000 -3.58150855371078 1e-12
540000 -140000 -2.79998887255393 1e-12
540000 -100000 -2.00793801312669 1e-12
540000 -60000 -1.20801581064899 1e-12
540000 -20000 -0.403221852272839 1e-12
540000 20000 0.403221852272839 1e-12
540000 60000 1.20801581064899 1e-12
540000 100000 2.00793801312669 1e-12
540000 140000 2.79998887255393 1e-12
540000 180000 3.58150855371078 1e-12
540000 220000 4.35025554147026 1e-12
540000 260000 5.10444335133084 1e-12
540000 300000 5.84273942649043 1e-12
540000 340000 6.56423484899583 1e-12
540000 380000 7.26839514371224 1e-12
540000 420000 7.95500177393915 1e-12
540000 460000 8.62409191895787 1e-12
540000 500000 9.27590171026787 1e-12
540000 540000 9.91081589883189 1e-12
540000 580000 10.5293252179134 1e-12
540000 620000 11.1319915464451 1e-12
540000 660000 11.7194202900035 1e-12
540000 700000 12.2922390591916 1e-12
540000 740000 12.8510816204028 1e-12
540000 780000 13.3965761269452 1e-12
540000 820000 13.9293367422994 1e-12
540000 860000 14.449957898682 1e-12
540000 900000 14.9590105677617 1e-12
540000 940000 15.4570400431144 1e-12
540000 980000 15.9445648401531 1e-12
580000 -980000 -15.6645312974644 1e-12
580000 -940000 -15.1770744231237 1e-12
580000 -900000 -14.6794137866875 1e-12
580000 -860000 -14.1710805258743 1e-12
580000 -820000 -13.6515865869788 1e-12
580000 -780000 -13.1204268503398 1e-12
580000 -740000 -12.5770824270559 1e-12
580000 -700000 -12.0210254744812 1e-12
580000 -660000 -11.4517259533058 1e-12
580000 -620000 -10.8686608283731 1e-12
580000 -580000 -10.2713262904205 1e-12
580000 -540000 -9.65925363179494 1e-12
580000 -500000 -9.03202942189477 1e-12
580000 -460000 -8.38932056184989 1e-12
580000 -420000 -7.73090460373758 1e-12
580000 -380000 -7.05670533697465 1e-12
580000 -340000 -6.36683301023155 1e-12
580000 -300000 -5.66162762513918 1e-12
580000 -260000 -4.94170251351549 1e-12
580000 -220000 -4.20798399688812 1e-12
580000 -180000 -3.46174157580594 1e-12
580000 -140000 -2.70460222054128 1e-12
580000 -100000 -1.93854245686084 1e-12
580000 -60000 -1.16585353061539 1e-12
580000 -20000 -0.389078157975155 1e-12
580000 20000 0.389078157975155 1e-12
580000 60000 1.16585353061539 1e-12
580000 100000 1.93854245686084 1e-12
580000 140000 2.70460222054128 1e-12
580000 180000 3.46174157580594 1e-12
580000 220000 4.20798399688812 1e-12
580000 260000 4.94170251351549 1e-12
580000 300000 5.66162762513918 1e-12
580000 340000 6.36683301023155 1e-12
580000 380000 7.05670533697465 1e-12
580000 420000 7.73090460373758 1e-12
580000 460000 8.38932056184989 1e-12
580000 500000 9.03202942189477 1e-12
580000 540000 9.65925363179494 1e-12
580000 580000 10.2713262904205 1e-12
580000 620000 10.8686608283731 1e-12
580000 660000 11.4517259533058 1e-12
580000 700000 12.0210254744812 1e-12
580000 740000 12.5770824270559 1e-12
580000 780000 13.1204268503398 1e-12
580000 820000 13.6515865869788 1e-12
580000 860000 14.1710805258743 1e-12
580000 900000 14.6794137866875 1e-12
580000 940000 15.1770744231237 1e-12
580000 980000 15.6645312974644 1e-12
620000 -980000 -15.3942495683604 1e-12
620000 -940000 -14.9073091425666 1e-12
620000 -900000 -14.4104864069602 1e-12
620000 -860000 -13.9033609546223 1e-12
620000 -820000 -13.3854998927169 1e-12
620000 -780000 -12.8564607145568 1e-12
620000 -740000 -12.3157953293933 1e-12
620000 -700000 -11.7630555421149 1e-12
620000 -660000 -11.1978003232781 1e-12
620000 -620000 -10.6196052538701 1e-12
620000 -580000 -10.0280745600024 1e-12
620000 -540000 -9.42285615658213 1e-12
620000 -500000 -8.80366007608377 1e-12
620000 -460000 -8.17028054231556 1e-12
620000 -420000 -7.52262172723956 1e-12
620000 -380000 -6.86072686726379 1e-12
620000 -340000 -6.18480988657391 1e-12
620000 -300000 -5.49528797346795 1e-12
620000 -260000 -4.7928127189501 1e-12
620000 -220000 -4.07829655953239 1e-12
620000 -180000 -3.35293055547091 1e-12
620000 -140000 -2.61818924274794 1e-12
620000 -100000 -1.8758187062192 1e-12
620000 -60000 -1.12780533964055 1e-12
620000 -20000 -0.376324988304264 1e-12
620000 20000 0.376324988304264 1e-12
620000 60000 1.12780533964055 1e-12
620000 100000 1.8758187062192 1e-12
620000 140000 2.61818924274794 1e-12
620000 180000 3.35293055547091 1e-12
620000 220000 4.07829655953239 1e-12
620000 260000 4.7928127189501 1e-12
620000 300000 5.49528797346795 1e-12
620000 340000 6.18480988657391 1e-12
620000 380000 6.86072686726379 1e-12
620000 420000 7.52262172723956 1e-12
620000 460000 8.17028054231556 1e-12
620000 500000 8.80366007608377 1e-12
620000 540000 9.42285615658213 1e-12
620000 580000 10.0280745600024 1e-12
620000 620000 10.6196052538701 1e-12
620000 660000 11.1978003232781 1e-12
620000 700000 11.7630555421149 1e-12
620000 740000 12.3157953293933 1e-12
620000 780000 12.8564607145568 1e-12
620000 820000 13.3854998927169 1e-12
620000 860000 13.9033609546223 1e-12
620000 900000 14.4104864069602 1e-12
620000 940000 14.9073091425666 1e-12
620000 980000 15.3942495683604 1e-12
660000 -980000 -15.1334415567717 1e-12
660000 -940000 -14.6474237447165 1e-12
660000 -900000 -14.1518596378409 1e-12
660000 -860000 -13.6463753587064 1e-12
660000 -820000 -13.1305903440017 1e-12
660000 -780000 -12.6041207188782 1e-12
660000 -740000 -12.0665837678796 1e-12
660000 -700000 -11.5176037378072 1e-12
660000 -660000 -10.9568192342381 1e-12
660000 -620000 -10.3838924907167 1e-12
660000 -580000 -9.79852078974831 1e-12
660000 -540000 -9.20045028626381 1e-12
660000 -500000 -8.58949241230228 1e-12
660000 -460000 -7.965542908346 1e-12
660000 -420000 -7.32860331288722 1e-12
660000 -380000 -6.67880443107806 1e-12
660000 -340000 -6.01643088910953 1e-12
660000 -300000 -5.34194537640389 1e-12
660000 -260000 -4.65601062744723 1e-12
660000 -220000 -3.95950668536903 1e-12
660000 -180000 -3.25354064976023 1e-12
660000 -140000 -2.5394460998555 1e-12
660000 -100000 -1.81876985024457 1e-12
660000 -60000 -1.09324472160407 1e-12
660000 -20000 -0.364748545448425 1e-12
660000 20000 0.364748545448424 1e-12
660000 60000 1.09324472160407 1e-12
660000 100000 1.81876985024457 1e-12
660000 140000 2.5394460998555 1e-12
660000 180000 3.25354064976023 1e-12
660000 220000 3.95950668536903 1e-12
660000 260000 4.65601062744723 1e-12
660000 300000 5.34194537640388 1e-12
660000 340000 6.01643088910953 1e-12
660000 380000 6.67880443107806 1e-12
660000 420000 7.32860331288722 1e-12
660000 460000 7.965542908346 1e-12
660000 500000 8.58949241230228 1e-12
660000 540000 9.20045028626381 1e-12
660000 580000 9.79852078974831 1e-12
660000 620000 10.3838924907167 1e-12
660000 660000 10.9568192342381 1e-12
660000 700000 11.5176037378072 1e-12
660000 740000 12.0665837678796 1e-12
660000 780000 12.6041207188782 1e-12
660000 820000 13.1305903440017 1e-12
660000 860000 13.6463753587064 1e-12
660000 900000 14.1518596378409 1e-12
660000 940000 14.6474237447165 1e-12
660000 980000 15.1334415567717 1e-12
700000 -980000 -14.8818132931878 1e-12
700000 -940000 -14.3970830937748 1e-12
700000 -900000 -13.9031519020633 1e-12
700000 -860000 -13.399689916129 1e-12
700000 -820000 -12.8863655620748 1e-12
700000 -780000 -12.3628491652763 1e-12
700000 -740000 -11.8288176265614 1e-12
700000 -700000 -11.2839602850911 1e-12
700000 -660000 -10.727986159569 1e-12
700000 -620000 -10.1606327580713 1e-12
700000 -580000 -9.58167662752159 1e-12
700000 -540000 -8.99094576801228 1e-12
700000 -500000 -8.38833395447807 1e-12
700000 -460000 -7.77381687762056 1e-12
700000 -420000 -7.14746982758736 1e-12
700000 -380000 -6.50948639239247 1e-12
700000 -340000 -5.86019733244911 1e-12
700000 -300000 -5.2000884422617 1e-12
700000 -260000 -4.52981586082714 1e-12
700000 -220000 -3.85021700834054 1e-12
700000 -180000 -3.16231519386922 1e-12
700000 -140000 -2.46731604951875 1e-12
700000 -100000 -1.76659437635634 1e-12
700000 -60000 -1.06167076065219 1e-12
700000 -20000 -0.354178380056901 1e-12
700000 20000 0.354178380056901 1e-12
700000 60000 1.06167076065219 1e-12
700000 100000 1.76659437635634 1e-12
700000 140000 2.46731604951875 1e-12
700000 180000 3.16231519386922 1e-12
700000 220000 3.85021700834054 1e-12
700000 260000 4.52981586082714 1e-12
700000 300000 5.2000884422617 1e-12
700000 340000 5.86019733244911 1e-12
700000 380000 6.50948639239247 1e-12
700000 420000 7.14746982758736 1e-12
700000 460000 7.77381687762056 1e-12
700000 500000 8.38833395447807 1e-12
700000 540000 8.99094576801228 1e-12
700000 580000 9.58167662752159 1e-12
700000 620000 10.1606327580713 1e-12
700000 660000 10.727986159569 1e-12
700000 700000 11.2839602850911 1e-12
700000 740000 11.8288176265614 1e-12
700000 780000 12.3628491652763 1e-12
700000 820000 12.8863655620748 1e-12
700000 860000 13.399689916129 1e-12
700000 900000 13.9031519020633 1e-12
700000 940000 14.3970830937748 1e-12
700000 980000 14.8818132931878 1e-12
740000 -980000 -14.6390596844076 1e-12
740000 -940000 -14.1559426486708 1e-12
740000 -900000 -13.663974641962 1e-12
740000 -860000 -13.162867130385 1e-12
740000 -820000 -12.6523338858907 1e-12
740000 -780000 -12.132094788359 1e-12
740000 -740000 -11.6018805242623 1e-12
740000 -700000 -11.0614383161145 1e-12
740000 -660000 -10.5105388151496 1e-12
740000 -620000 -9.94898427638582 1e-12
740000 -580000 -9.37661810526494 1e-12
740000 -540000 -8.79333581230891 1e-12
740000 -500000 -8.19909733013984 1e-12
740000 -460000 -7.59394052971484 1e-12
740000 -420000 -6.97799561585549 1e-12
740000 -380000 -6.35149988684874 1e-12
740000 -340000 -5.71481211752199 1e-12
740000 -300000 -5.06842558917922 1e-12
740000 -260000 -4.41297857588206 1e-12
740000 -220000 -3.74926095069514 1e-12
740000 -180000 -3.07821555224767 1e-12
740000 -140000 -2.40093310420248 1e-12
740000 -100000 -1.71863984352652 1e-12
740000 -60000 -1.03267758808969 1e-12
740000 -20000 -0.344476711114515 1e-12
740000 20000 0.344476711114515 1e-12
740000 60000 1.03267758808969 1e-12
740000 100000 1.71863984352652 1e-12
740000 140000 2.40093310420248 1e-12
740000 180000 3.07821555224767 1e-12
740000 220000 3.74926095069514 1e-12
740000 260000 4.41297857588206 1e-12
740000 300000 5.06842558917922 1e-12
740000 340000 5.71481211752199 1e-12
740000 380000 6.35149988684874 1e-12
740000 420000 6.97799561585549 1e-12
740000 460000 7.59394052971484 1e-12
740000 500000 8.19909733013984 1e-12
740000 540000 8.79333581230891 1e-12
740000 580000 9.37661810526494 1e-12
740000 620000 9.94898427638582 1e-12
740000 660000 10.5105388151496 1e-12
740000 700000 11.0614383161145 1e-12
740000 740000 11.6018805242623 1e-12
740000 780000 12.132094788359 1e-12
740000 820000 12.6523338858907 1e-12
740000 860000 13.162867130385 1e-12
740000 900000 13.663974641962 1e-12
740000 940000 14.1559426486708 1e-12
740000 980000 14.6390596844076 1e-12
780000 -980000 -14.404868707088 1e-12
780000 -940000 -13.9236530351928 1e-12
780000 -900000 -13.4339372497537 1e-12
780000 -860000 -12.9354710706727 1e-12
780000 -820000 -12.4280098352046 1e-12
780000 -780000 -11.9113183016407 1e-12
780000 -740000 -11.3851752350363 1e-12
780000 -700000 -10.8493788688977 1e-12
780000 -660000 -10.3037533274202 1e-12
780000 -620000 -9.74815607281527 1e-12
780000 -580000 -9.18248640777089 1e-12
780000 -540000 -8.60669501014019 1e-12
780000 -500000 -8.0207944017862 1e-12
780000 -460000 -7.42487015341207 1e-12
780000 -420000 -6.81909250184346 1e-12
780000 -380000 -6.20372790925162 1e-12
780000 -340000 -5.57914993468128 1e-12
780000 -300000 -4.94584863381666 1e-12
780000 -260000 -4.30443757797236 1e-12
780000 -220000 -3.65565751924478 1e-12
780000 -180000 -3.00037575954578 1e-12
780000 -140000 -2.33958043613001 1e-12
780000 -100000 -1.67436923026796 1e-12
780000 -60000 -1.0059324301009 1e-12
780000 -20000 -0.33553079461881 1e-12
780000 20000 0.33553079461881 1e-12
780000 60000 1.0059324301009 1e-12
780000 100000 1.67436923026796 1e-12
780000 140000 2.33958043613001 1e-12
780000 180000 3.00037575954578 1e-12
780000 220000 3.65565751924478 1e-12
780000 260000 4.30443757797236 1e-12
780000 300000 4.94584863381666 1e-12
780000 340000 5.57914993468128 1e-12
780000 380000 6.20372790925162 1e-12
780000 420000 6.81909250184346 1e-12
780000 460000 7.42487015341207 1e-12
780000 500000 8.0207944017862 1e-12
780000 540000 8.60669501014019 1e-12
780000 580000 9.18248640777089 1e-12
780000 620000 9.74815607281527 1e-12
780000 660000 10.3037533274202 1e-12
780000 700000 10.8493788688977 1e-12
780000 740000 11.3851752350363 1e-12
780000 780000 11.9113183016407 1e-12
780000 820000 12.4280098352046 1e-12
780000 860000 12.9354710706727 1e-12
780000 900000 13.4339372497537 1e-12
780000 940000 13.9236530351928 1e-12
780000 980000 14.404868707088 1e-12
820000 -980000 -14.1789250452173 1e-12
820000 -940000 -13.6998639354669 1e-12
820000 -900000 -13.2126511683649 1e-12
820000 -860000 -12.7170716157901 1e-12
820000 -820000 -12.2129183926998 1e-12
820000 -780000 -11.6999965659268 1e-12
820000 -740000 -11.1781275318172 1e-12
820000 -700000 -10.647154123788 1e-12
820000 -660000 -10.1069464971876 1e-12
820000 -620000 -9.5574088157671 1e-12
820000 -580000 -8.99848672912919 1e-12
820000 -540000 -8.43017558130681 1e-12
820000 -500000 -7.85252922528093 1e-12
820000 -460000 -7.26566923617458 1e-12
820000 -420000 -6.66979421856589 1e-12
820000 -380000 -6.06518879552138 1e-12
820000 -340000 -5.4522317573589 1e-12
820000 -300000 -4.83140275031965 1e-12
820000 -260000 -4.20328681725585 1e-12
820000 -220000 -3.56857608504383 1e-12
820000 -180000 -2.92806794734945 1e-12
820000 -140000 -2.28265923215687 1e-12
820000 -100000 -1.63333607591531 1e-12
820000 -60000 -0.981159539227075 1e-12
820000 -20000 -0.327247363345824 1e-12
820000 20000 0.327247363345824 1e-12
820000 60000 0.981159539227075 1e-12
820000 100000 1.63333607591531 1e-12
820000 140000 2.28265923215687 1e-12
820000 180000 2.92806794734945 1e-12
820000 220000 3.56857608504383 1e-12
820000 260000 4.20328681725585 1e-12
820000 300000 4.83140275031965 1e-12
820000 340000 5.4522317573589 1e-12
820000 380000 6.06518879552138 1e-12
820000 420000 6.66979421856589 1e-12
820000 460000 7.26566923617458 1e-12
820000 500000 7.85252922528093 1e-12
820000 540000 8.43017558130681 1e-12
820000 580000 8.99848672912919 1e-12
820000 620000 9.5574088157671 1e-12
820000 660000 10.1069464971876 1e-12
820000 700000 10.647154123788 1e-12
820000 740000 11.1781275318172 1e-12
820000 780000 11.6999965659268 1e-12
820000 820000 12.2129183926998 1e-12
820000 860000 12.7170716157901 1e-12
820000 900000 13.2126511683649 1e-12
820000 940000 13.6998639354669 1e-12
820000 980000 14.1789250452173 1e-12
860000 -980000 -13.9609131908901 1e-12
860000 -940000 -13.48422733423 1e-12
860000 -900000 -12.9997332295913 1e-12
860000 -860000 -12.5072478047925 1e-12
860000 -820000 -12.0065982551217 1e-12
860000 -780000 -11.4976255886909 1e-12
860000 -740000 -10.9801887337348 1e-12
860000 -700000 -10.4541692431025 1e-12
860000 -660000 -9.91947661545149 1e-12
860000 -620000 -9.37605422910133 1e-12
860000 -580000 -8.82388585160215 1e-12
860000 -540000 -8.26300264454316 1e-12
860000 -500000 -7.69349052838343 1e-12
860000 -460000 -7.11549770669264 1e-12
860000 -420000 -6.52924207546623 1e-12
860000 -380000 -5.93501816578934 1e-12
860000 -340000 -5.33320319452453 1e-12
860000 -300000 -4.72426173822867 1e-12
860000 -260000 -4.10874851284964 1e-12
860000 -220000 -3.48730874955296 1e-12
860000 -180000 -2.86067571753747 1e-12
860000 -140000 -2.22966506567979 1e-12
860000 -100000 -1.59516583626025 1e-12
860000 -60000 -0.958128235420129 1e-12
860000 -20000 -0.319548504725844 1e-12
860000 20000 0.319548504725844 1e-12
860000 60000 0.958128235420129 1e-12
860000 100000 1.59516583626025 1e-12
860000 140000 2.22966506567979 1e-12
860000 180000 2.86067571753747 1e-12
860000 220000 3.48730874955296 1e-12
860000 260000 4.10874851284964 1e-12
860000 300000 4.72426173822867 1e-12
860000 340000 5.33320319452453 1e-12
860000 380000 5.93501816578934 1e-12
860000 420000 6.52924207546623 1e-12
860000 460000 7.11549770669264 1e-12
860000 500000 7.69349052838343 1e-12
860000 540000 8.26300264454316 1e-12
860000 580000 8.82388585160215 1e-12
860000 620000 9.37605422910133 1e-12
860000 660000 9.91947661545149 1e-12
860000 700000 10.4541692431025 1e-12
860000 740000 10.9801887337348 1e-12
860000 780000 11.4976255886909 1e-12
860000 820000 12.0065982551217 1e-12
860000 860000 12.5072478047925 1e-12
860000 900000 12.9997332295913 1e-12
860000 940000 13.48422733423 1e-12
860000 980000 13.9609131908901 1e-12
900000 -980000 -13.7505200412961 1e-12
900000 -940000 -13.2764001745231 1e-12
900000 -900000 -12.7948083078345 1e-12
900000 -860000 -12.305590405149 1e-12
900000 -820000 -11.8086042043252 1e-12
900000 -780000 -11.3037225535037 1e-12
900000 -740000 -10.7908372117831 1e-12
900000 -700000 -10.2698631298389 1e-12
900000 -660000 -9.74074320992418 1e-12
900000 -620000 -9.20345352226404 1e-12
900000 -580000 -8.65800892531522 1e-12
900000 -540000 -8.10446900020023 1e-12
900000 -500000 -7.54294416500897 1e-12
900000 -460000 -6.97360178373125 1e-12
900000 -420000 -6.3966720298484 1e-12
900000 -380000 -5.81245321023813 1e-12
900000 -340000 -5.22131620701941 1e-12
900000 -300000 -4.62370766094042 1e-12
900000 -260000 -4.02015150864196 1e-12
900000 -220000 -3.41124850633781 1e-12
900000 -180000 -2.79767343121069 1e-12
900000 -140000 -2.18016975257596 1e-12
900000 -100000 -1.55954170553293 1e-12
900000 -60000 -0.936643871509984 1e-12
900000 -20000 -0.312368557024793 1e-12
900000 20000 0.312368557024794 1e-12
900000 60000 0.936643871509984 1e-12
900000 100000 1.55954170553293 1e-12
900000 140000 2.18016975257596 1e-12
900000 180000 2.79767343121069 1e-12
900000 220000 3.41124850633781 1e-12
900000 260000 4.02015150864196 1e-12
900000 300000 4.62370766094042 1e-12
900000 340000 5.22131620701941 1e-12
900000 380000 5.81245321023813 1e-12
900000 420000 6.3966720298484 1e-12
900000 460000 6.97360178373125 1e-12
900000 500000 7.54294416500897 1e-12
900000 540000 8.10446900020023 1e-12
900000 580000 8.65800892531522 1e-12
900000 620000 9.20345352226404 1e-12
900000 660000 9.74074320992418 1e-12
900000 700000 10.2698631298389 1e-12
900000 740000 10.7908372117831 1e-12
900000 780000 11.3037225535037 1e-12
900000 820000 11.8086042043252 1e-12
900000 860000 12.305590405149 1e-12
900000 900000 12.7948083078345 1e-12
900000 940000 13.2764001745231 1e-12
900000 980000 13.7505200412961 1e-12
940000 -980000 -13.5474370334887 1e-12
940000 -940000 -13.0760464827093 1e-12
940000 -900000 -12.5975113722049 1e-12
940000 -860000 -12.1117038090727 1e-12
940000 -820000 -11.6185087419416 1e-12
940000 -780000 -11.1178270610518 1e-12
940000 -740000 -10.6095790758274 1e-12
940000 -700000 -10.0937083711384 1e-12
940000 -660000 -9.5701860278981 1e-12
940000 -620000 -9.03901517324184 1e-12
940000 -580000 -8.50023579989613 1e-12
940000 -540000 -7.95392976345657 1e-12
940000 -500000 -7.40022583071533 1e-12
940000 -460000 -6.83930461326556 1e-12
940000 -420000 -6.27140318072427 1e-12
940000 -380000 -5.69681911055247 1e-12
940000 -340000 -5.11591370124408 1e-12
940000 -300000 -4.52911405814315 1e-12
940000 -260000 -3.93691376225841 1e-12
940000 -220000 -3.33987185765423 1e-12
940000 -180000 -2.73860994622272 1e-12
940000 -140000 -2.13380726101646 1e-12
940000 -100000 -1.52619369811461 1e-12
940000 -60000 -0.916540915014938 1e-12
940000 -20000 -0.30565173933891 1e-12
940000 20000 0.30565173933891 1e-12
940000 60000 0.916540915014938 1e-12
940000 100000 1.52619369811461 1e-12
940000 140000 2.13380726101646 1e-12
940000 180000 2.73860994622272 1e-12
940000 220000 3.33987185765423 1e-12
940000 260000 3.93691376225841 1e-12
940000 300000 4.52911405814315 1e-12
940000 340000 5.11591370124408 1e-12
940000 380000 5.69681911055247 1e-12
940000 420000 6.27140318072427 1e-12
940000 460000 6.83930461326556 1e-12
940000 500000 7.40022583071533 1e-12
940000 540000 7.95392976345657 1e-12
940000 580000 8.50023579989613 1e-12
940000 620000 9.03901517324184 1e-12
940000 660000 9.5701860278981 1e-12
940000 700000 10.0937083711384 1e-12
940000 740000 10.6095790758274 1e-12
940000 780000 11.1178270610518 1e-12
940000 820000 11.6185087419416 1e-12
940000 860000 12.1117038090727 1e-12
940000 900000 12.5975113722049 1e-12
940000 940000 13.0760464827093 1e-12
940000 980000 13.5474370334887 1e-12
980000 -980000 -13.3513618631853 1e-12
980000 -940000 -12.8828390254282 1e-12
980000 -900000 -12.4074890192818 1e-12
980000 -860000 -11.9252073633893 1e-12
980000 -820000 -11.4359031192518 1e-12
980000 -780000 -10.9395017419543 1e-12
980000 -740000 -10.4359482327281 1e-12
980000 -700000 -9.92521058439515 1e-12
980000 -660000 -9.40728349643346 1e-12
980000 -620000 -8.88219231844071 1e-12
980000 -580000 -8.34999715908926 1e-12
980000 -540000 -7.81079707252454 1e-12
980000 -500000 -7.26473420629583 1e-12
980000 -460000 -6.71199776567922 1e-12
980000 -420000 -6.15282762071888 1e-12
980000 -380000 -5.58751735729406 1e-12
980000 -340000 -5.01641655550771 1e-12
980000 -300000 -4.43993207162274 1e-12
980000 -260000 -3.85852810759641 1e-12
980000 -220000 -3.27272487834479 1e-12
980000 -180000 -2.68309573324245 1e-12
980000 -140000 -2.09026265497984 1e-12
980000 -100000 -1.49489014303745 1e-12
980000 -60000 -0.897677585040677 1e-12
980000 -20000 -0.299350318833458 1e-12
980000 20000 0.299350318833458 1e-12
980000 60000 0.897677585040677 1e-12
980000 100000 1.49489014303745 1e-12
980000 140000 2.09026265497984 1e-12
980000 180000 2.68309573324245 1e-12
980000 220000 3.27272487834479 1e-12
980000 260000 3.85852810759641 1e-12
980000 300000 4.43993207162274 1e-12
980000 340000 5.01641655550771 1e-12
980000 380000 5.58751735729406 1e-12
980000 420000 6.15282762071888 1e-12
980000 460000 6.71199776567922 1e-12
980000 500000 7.26473420629583 1e-12
980000 540000 7.81079707252454 1e-12
980000 580000 8.34999715908926 1e-12
980000 620000 8.88219231844071 1e-12
980000 660000 9.40728349643346 1e-12
980000 700000 9.92521058439515 1e-12
980000 740000 10.4359482327281 1e-12
980000 780000 10.9395017419543 1e-12
980000 820000 11.4359031192518 1e-12
980000 860000 11.9252073633893 1e-12
980000 900000 12.4074890192818 1e-12
980000 940000 12.8828390254282 1e-12
980000 980000 13.3513618631853 1e-12
